-1.231718733906745911e-01
-3.281338606029748917e-03
2.179335802793502808e-01
3.507621958851814270e-02
2.261307090520858765e-02
-9.744548797607421875e-02
1.283087134361267090e-01
1.066919863224029541e-01
4.505267620086669922e+00
-2.620339989662170410e-01
7.748232036828994751e-02
1.164653804153203964e-02
1.107565313577651978e-01
-3.486730530858039856e-02
2.227972745895385742e-01
2.188340574502944946e-01
1.016187816858291626e-01
-2.117153070867061615e-02
2.164178609848022461e+00
1.031269133090972900e-01
1.377664953470230103e-01
8.454777300357818604e-02
2.022421836853027344e+00
4.445636272430419922e-02
-8.965254575014114380e-02
-7.852397859096527100e-03
-8.295622467994689941e-02
-6.787853688001632690e-02
-1.854955255985260010e-01
-4.497903347015380859e+00
1.052121818065643311e-01
1.400839239358901978e-01
-4.966056346893310547e+00
-3.234975814819335938e+00
2.411099523305892944e-01
1.633594781160354614e-01
-5.321079492568969727e-02
-9.520517289638519287e-02
1.036902368068695068e-01
-1.187312304973602295e-01
4.404872953891754150e-01
1.234248653054237366e-01
1.609190702438354492e+00
5.121726542711257935e-02
-8.377442508935928345e-02
1.837163686752319336e+00
-1.048946529626846313e-01
1.027238741517066956e-01
-1.441255211830139160e-01
9.321352839469909668e-02
0.000000000000000000e+00
