0.000000000000000000e+00
0.000000000000000000e+00
-0.000000000000000000e+00
-0.000000000000000000e+00
-0.000000000000000000e+00
5.783586502075195312e-01
-0.000000000000000000e+00
-0.000000000000000000e+00
-8.422348499298095703e-01
0.000000000000000000e+00
-0.000000000000000000e+00
-0.000000000000000000e+00
-0.000000000000000000e+00
0.000000000000000000e+00
-0.000000000000000000e+00
-0.000000000000000000e+00
-0.000000000000000000e+00
0.000000000000000000e+00
-7.184948325157165527e-01
-0.000000000000000000e+00
-0.000000000000000000e+00
-0.000000000000000000e+00
-7.130303382873535156e-01
-0.000000000000000000e+00
0.000000000000000000e+00
0.000000000000000000e+00
0.000000000000000000e+00
0.000000000000000000e+00
0.000000000000000000e+00
6.517207622528076172e-01
-0.000000000000000000e+00
-0.000000000000000000e+00
1.080823898315429688e+00
-8.313437700271606445e-01
-0.000000000000000000e+00
-0.000000000000000000e+00
0.000000000000000000e+00
0.000000000000000000e+00
-0.000000000000000000e+00
0.000000000000000000e+00
-0.000000000000000000e+00
-0.000000000000000000e+00
5.152435898780822754e-01
-0.000000000000000000e+00
0.000000000000000000e+00
4.818249046802520752e-01
0.000000000000000000e+00
-0.000000000000000000e+00
0.000000000000000000e+00
-0.000000000000000000e+00
-9.647997021675109863e-01
