4.038980007171630859e+00
5.000597238540649414e-01
4.708040058612823486e-01
1.051545143127441406e+00
-1.955881863832473755e-01
4.774429202079772949e-01
-5.053529739379882812e-01
2.398103028535842896e-01
-7.575878500938415527e-02
-7.402171194553375244e-02
-3.142618238925933838e-01
-1.106371916830539703e-02
3.405819892883300781e+00
9.877411723136901855e-01
-6.044290065765380859e-01
1.429624080657958984e+00
-3.761903345584869385e-01
6.102926731109619141e-01
-1.901804953813552856e-01
-2.325482666492462158e-01
1.856669932603836060e-01
7.110294103622436523e-01
1.145547479391098022e-01
-8.076816797256469727e-01
-5.089051127433776855e-01
1.764718055725097656e+00
5.692307949066162109e-01
7.439183592796325684e-01
3.444008231163024902e-01
1.430212616920471191e+00
-6.523123979568481445e-01
-1.462595164775848389e-01
-1.700848937034606934e+00
-2.085378885269165039e+00
-8.204450011253356934e-01
-2.052831888198852539e+00
-4.791218638420104980e-01
-2.070387125015258789e+00
6.316115856170654297e-01
7.509031891822814941e-02
6.359548568725585938e-01
-1.151875257492065430e+00
7.146188020706176758e-01
-5.647053718566894531e-01
-2.465015798807144165e-01
-2.147525072097778320e+00
6.791192889213562012e-01
-2.670108318328857422e+00
-6.538188457489013672e-01
-8.300960659980773926e-01
2.388358861207962036e-01
-1.497306704521179199e+00
9.039232879877090454e-02
-1.361968666315078735e-01
3.804315626621246338e-01
4.013497233390808105e-01
-3.888920843601226807e-01
-3.701281845569610596e-01
7.867969274520874023e-01
7.058385014533996582e-02
-1.784537732601165771e-01
-5.801154971122741699e-01
1.119664311408996582e+00
8.242100477218627930e-01
4.358921051025390625e-01
-5.938578248023986816e-01
-4.722491204738616943e-01
4.928426742553710938e+00
5.192919731140136719e+00
-3.268018960952758789e+00
-2.045827358961105347e-01
1.101210951805114746e+00
1.337406516075134277e+00
-1.033868920058012009e-02
1.385088443756103516e+00
8.244644850492477417e-02
-1.339335441589355469e+00
-2.430486530065536499e-01
5.357173681259155273e-01
-1.168246865272521973e+00
-9.542918205261230469e-01
-6.441331505775451660e-01
-2.538567185401916504e-01
1.019672298431396484e+01
4.932580888271331787e-01
4.126248657703399658e-01
2.822238802909851074e-01
-3.253608226776123047e+00
5.769228935241699219e-01
4.901523292064666748e-01
1.013628020882606506e-01
-3.893130421638488770e-01
-9.292449802160263062e-03
9.666929841041564941e-01
4.009976238012313843e-02
-4.140283167362213135e-01
4.952877044677734375e+00
-8.288130760192871094e-01
1.552904963493347168e+00
-8.804252147674560547e-01
0.000000000000000000e+00
0.000000000000000000e+00
0.000000000000000000e+00
0.000000000000000000e+00
0.000000000000000000e+00
0.000000000000000000e+00
0.000000000000000000e+00
0.000000000000000000e+00
0.000000000000000000e+00
0.000000000000000000e+00
