-5.361267328262329102e-01
-9.795883297920227051e-02
4.618546068668365479e-01
5.605736970901489258e-01
-2.939375638961791992e-01
3.828635215759277344e-01
1.479057788848876953e+00
-2.125506699085235596e-01
-1.004350781440734863e+00
1.281780749559402466e-01
6.640969514846801758e-01
7.478634119033813477e-01
-2.902490198612213135e-01
7.999469041824340820e-01
-2.448292821645736694e-01
-2.125553488731384277e-01
3.530446290969848633e-01
-3.212825953960418701e-01
-3.814305067062377930e-01
-1.251222491264343262e+00
3.613973557949066162e-01
8.887468576431274414e-01
1.979843020439147949e+00
-6.752169728279113770e-01
7.120043039321899414e-01
2.956165671348571777e-01
-1.178090810775756836e+00
-2.214876860380172729e-01
-6.963568925857543945e-01
8.180239796638488770e-01
5.158901810646057129e-01
1.252577781677246094e+00
-6.636956930160522461e-01
2.370402514934539795e-01
-5.669397711753845215e-01
7.014127969741821289e-01
4.652571678161621094e-01
9.268778562545776367e-02
-4.945795238018035889e-01
3.757998049259185791e-01
-1.118889927864074707e+00
-9.420648813247680664e-01
5.628786087036132812e-01
-5.765063762664794922e-01
4.330337941646575928e-01
1.972526311874389648e-01
5.047178864479064941e-01
5.721725821495056152e-01
-3.283758088946342468e-02
8.939607143402099609e-01
2.576083660125732422e+00
3.001110441982746124e-02
8.580271005630493164e-01
-2.949220240116119385e-01
-4.276769459247589111e-01
2.452762722969055176e-01
-1.216090679168701172e+00
-1.452899694442749023e+00
8.664327263832092285e-01
8.180323243141174316e-02
8.929466605186462402e-01
5.571767687797546387e-01
-1.283541202545166016e+00
3.903137147426605225e-01
4.655371606349945068e-01
-6.051937341690063477e-01
-9.420993328094482422e-01
-2.295105010271072388e-01
-2.525662183761596680e-01
-1.202278017997741699e+00
1.547224074602127075e-01
2.466837406158447266e+00
4.310582578182220459e-01
-7.767225503921508789e-01
-6.783235669136047363e-01
3.506137430667877197e-01
1.025862470269203186e-01
1.469480544328689575e-01
-6.783923506736755371e-01
1.375888884067535400e-01
4.668690860271453857e-01
-2.078772522509098053e-02
-1.860296726226806641e-01
-3.089641630649566650e-01
6.329942941665649414e-01
-8.214807510375976562e-02
-3.043787479400634766e+00
-1.380886793136596680e+00
2.903457581996917725e-01
2.386855036020278931e-01
1.009221673011779785e+00
6.121870130300521851e-03
1.036546111106872559e+00
-2.814907729625701904e-01
-1.215409636497497559e-01
-5.051424503326416016e-01
3.254480659961700439e-01
-3.297753334045410156e-01
-7.730071544647216797e-01
9.113147258758544922e-01
0.000000000000000000e+00
0.000000000000000000e+00
0.000000000000000000e+00
0.000000000000000000e+00
0.000000000000000000e+00
0.000000000000000000e+00
0.000000000000000000e+00
