-3.544898927211761475e-01
1.087719678878784180e+00
-2.734122574329376221e-01
9.794836044311523438e-01
-5.390281081199645996e-01
-1.021308302879333496e+00
3.835186362266540527e-01
-3.887154161930084229e-01
-5.398308038711547852e-01
-2.555655837059020996e-01
7.927208542823791504e-01
8.547053933143615723e-01
-2.769942998886108398e+00
-6.764752864837646484e-01
-3.737429082393646240e-01
-4.923541247844696045e-01
-6.429132819175720215e-01
1.401731967926025391e+00
1.365349054336547852e+00
-1.719000816345214844e+00
9.524163603782653809e-01
8.166116476058959961e-01
4.737179577350616455e-01
6.657707691192626953e-01
2.063955068588256836e-01
1.629225134849548340e+00
-3.404302000999450684e-01
2.293318808078765869e-01
2.604573592543601990e-02
2.730461955070495605e-01
-2.865854501724243164e-01
1.105213880538940430e+00
-5.639729499816894531e-01
7.613312602043151855e-01
-7.882153987884521484e-01
-3.264843225479125977e-01
8.171457052230834961e-01
3.131048977375030518e-01
-9.306201934814453125e-01
3.702469170093536377e-01
-5.461308956146240234e-01
-7.359506934881210327e-02
9.092404246330261230e-01
1.273436546325683594e+00
8.851040005683898926e-01
5.250135064125061035e-01
4.496073126792907715e-01
3.580992221832275391e-01
1.476152300834655762e+00
4.875507354736328125e-01
-1.769907325506210327e-01
-7.324007749557495117e-01
-9.388587474822998047e-01
2.973727881908416748e-01
-5.622605681419372559e-01
8.262993693351745605e-01
-7.038492560386657715e-01
2.530218064785003662e-01
1.827643066644668579e-02
-3.097657859325408936e-01
-2.879322290420532227e+00
2.170569896697998047e-01
-4.278732538223266602e-01
-1.193112850189208984e+00
1.150274053215980530e-01
1.054605484008789062e+00
-2.454333901405334473e-01
8.007018566131591797e-01
4.141910001635551453e-03
1.146238088607788086e+00
9.482013583183288574e-01
6.405601501464843750e-01
-3.759259283542633057e-01
-1.073055863380432129e-01
-2.113272994756698608e-01
-6.348879337310791016e-01
-5.775294303894042969e-01
8.151794672012329102e-01
1.405891776084899902e+00
-2.678260803222656250e-01
5.691976547241210938e-01
8.663610816001892090e-01
8.420679569244384766e-01
1.046291291713714600e-01
-1.134346365928649902e+00
-1.390036195516586304e-02
-5.530166625976562500e-01
-3.352880477905273438e-01
6.675965189933776855e-01
8.499079942703247070e-01
-1.862307041883468628e-01
-1.014113187789916992e+00
6.957826763391494751e-02
-3.079133033752441406e-01
-5.923840999603271484e-01
-3.684107661247253418e-01
-1.483679115772247314e-01
-4.687253236770629883e-01
2.019544094800949097e-01
1.111220598220825195e+00
0.000000000000000000e+00
0.000000000000000000e+00
0.000000000000000000e+00
0.000000000000000000e+00
0.000000000000000000e+00
0.000000000000000000e+00
0.000000000000000000e+00
0.000000000000000000e+00
0.000000000000000000e+00
0.000000000000000000e+00
0.000000000000000000e+00
0.000000000000000000e+00
0.000000000000000000e+00
0.000000000000000000e+00
0.000000000000000000e+00
