-7.487503886222839355e-01
-2.706428766250610352e-01
-2.888542711734771729e-01
1.147223591804504395e+00
-5.872450470924377441e-01
-6.190239787101745605e-01
3.583987653255462646e-01
-4.414682388305664062e-01
-4.737430810928344727e-01
-5.863987803459167480e-01
4.070664644241333008e-01
7.656563520431518555e-01
-7.984194159507751465e-01
-7.349560856819152832e-01
-1.806648522615432739e-01
-5.658342242240905762e-01
-6.916272044181823730e-01
5.982777476310729980e-01
1.669387936592102051e+00
-1.940170645713806152e+00
9.793014526367187500e-01
-8.278419375419616699e-01
7.077932357788085938e-01
6.620781421661376953e-01
1.641981303691864014e-01
1.676506161689758301e+00
-3.234685063362121582e-01
2.087829560041427612e-01
8.297376334667205811e-02
3.153434395790100098e-02
-4.384387433528900146e-01
1.055841803550720215e+00
2.613350868225097656e+00
5.608526468276977539e-01
-4.973799288272857666e-01
7.194929718971252441e-01
4.811132252216339111e-01
4.034924209117889404e-01
-7.411122918128967285e-01
2.843462824821472168e-01
-6.707335114479064941e-01
-5.838829874992370605e-01
-4.046520590782165527e-01
9.134166240692138672e-01
3.933163285255432129e-01
5.028449892997741699e-01
6.403136253356933594e-01
5.349466800689697266e-01
2.466809511184692383e+00
8.669955730438232422e-01
-1.187335550785064697e-01
-7.433781027793884277e-01
-2.207627296447753906e+00
2.685273885726928711e-01
-2.605884075164794922e-01
2.849948644638061523e+00
-8.987525105476379395e-01
2.409386187791824341e-01
2.356008291244506836e-01
-2.648226618766784668e-01
1.194191336631774902e+00
1.462462693452835083e-01
-3.331842422485351562e-01
-4.976010620594024658e-01
3.621562123298645020e-01
1.439034461975097656e+00
-2.558853328227996826e-01
9.822361469268798828e-01
1.115266606211662292e-02
1.248623967170715332e+00
6.484776735305786133e-01
1.204482913017272949e+00
-1.248131513595581055e+00
1.028176546096801758e-01
-1.240943551063537598e+00
-6.204839348793029785e-01
-8.433818817138671875e-01
6.145009025931358337e-02
9.420753717422485352e-01
-2.969757020473480225e-01
6.232460737228393555e-01
4.973694086074829102e-01
3.163844347000122070e-01
3.742042481899261475e-01
-1.133630752563476562e+00
-3.340689465403556824e-02
-9.051693081855773926e-01
-1.979477256536483765e-01
9.684822559356689453e-01
8.479248285293579102e-01
-2.553558051586151123e-01
-1.309148550033569336e+00
-3.453753590583801270e-01
-1.976650059223175049e-01
-8.077912926673889160e-01
-8.040738105773925781e-01
-9.928394854068756104e-02
-3.996752202510833740e-01
3.484263718128204346e-01
1.048493981361389160e-01
0.000000000000000000e+00
0.000000000000000000e+00
0.000000000000000000e+00
0.000000000000000000e+00
0.000000000000000000e+00
0.000000000000000000e+00
0.000000000000000000e+00
0.000000000000000000e+00
0.000000000000000000e+00
0.000000000000000000e+00
0.000000000000000000e+00
0.000000000000000000e+00
0.000000000000000000e+00
0.000000000000000000e+00
