4.003251791000366211e-01
6.575382947921752930e-01
-1.780267477035522461e+00
-1.018584012985229492e+00
9.597700238227844238e-01
-3.509857952594757080e-01
-7.386987209320068359e-01
9.679291248321533203e-01
4.248161613941192627e-01
1.972109794616699219e+00
-5.084428191184997559e-01
-4.276339113712310791e-01
-9.137087464332580566e-01
8.648105263710021973e-01
8.310793638229370117e-01
-6.738475561141967773e-01
7.120095491409301758e-01
6.791580468416213989e-02
8.463987708091735840e-01
-1.004031777381896973e+00
2.188549339771270752e-01
-1.075516939163208008e+00
4.745016396045684814e-01
-8.106431365013122559e-01
4.187182784080505371e-01
3.439828157424926758e-01
-1.224717423319816589e-01
3.141567409038543701e-01
2.947373986244201660e-01
-5.367494821548461914e-01
4.546960890293121338e-01
-1.911606639623641968e-02
8.741489052772521973e-01
-1.399732708930969238e+00
1.112547397613525391e+00
2.265035659074783325e-01
4.041001200675964355e-01
-3.390488624572753906e-01
1.485024094581604004e+00
1.955091804265975952e-01
1.333738565444946289e+00
9.738886356353759766e-01
-3.645563963800668716e-03
1.776726245880126953e-01
2.954213023185729980e-01
-7.799870967864990234e-01
5.817561745643615723e-01
-1.709975004196166992e-01
1.094588398933410645e+00
6.580520868301391602e-01
3.192216157913208008e+00
9.116557836532592773e-01
-2.309487462043762207e-01
-4.768125414848327637e-01
-2.884185500442981720e-02
-9.600749015808105469e-01
2.010561227798461914e+00
1.509408235549926758e+00
-7.253156900405883789e-01
-6.894049793481826782e-02
-1.309012889862060547e+00
-3.594002127647399902e-01
2.945828065276145935e-02
1.353765726089477539e-01
-4.780691266059875488e-01
1.252085268497467041e-01
-2.152821868658065796e-01
-5.944439768791198730e-01
3.376957029104232788e-02
3.476304709911346436e-01
9.441306814551353455e-03
-6.216118335723876953e-01
5.581018328666687012e-01
6.284145116806030273e-01
1.182511448860168457e+00
3.707621395587921143e-01
-1.571912765502929688e-01
1.371569782495498657e-01
1.612035155296325684e+00
3.052572309970855713e-01
6.887559890747070312e-01
8.316742181777954102e-01
3.738754391670227051e-01
-1.207811474800109863e+00
-3.018150329589843750e-01
-6.909695863723754883e-01
-1.150764584541320801e+00
-9.145164489746093750e-01
2.745232820510864258e+00
-9.493539929389953613e-01
6.968113183975219727e-01
1.129698634147644043e+00
-3.195244669914245605e-01
-3.520393371582031250e-01
-3.838932514190673828e-01
-4.543698430061340332e-01
-8.203351497650146484e-01
-2.030492015182971954e-02
3.492470681667327881e-01
5.004835128784179688e-01
0.000000000000000000e+00
0.000000000000000000e+00
0.000000000000000000e+00
0.000000000000000000e+00
0.000000000000000000e+00
0.000000000000000000e+00
0.000000000000000000e+00
0.000000000000000000e+00
0.000000000000000000e+00
0.000000000000000000e+00
0.000000000000000000e+00
0.000000000000000000e+00
0.000000000000000000e+00
0.000000000000000000e+00
