-3.508701622486114502e-01
4.259546995162963867e-01
-1.925969123840332031e-01
-7.011976093053817749e-03
-4.820902347564697266e-01
-4.579607248306274414e-01
-5.912416577339172363e-01
7.767585664987564087e-02
6.611377596855163574e-01
4.099191129207611084e-01
-9.058732986450195312e-01
5.708426237106323242e-01
-8.830314874649047852e-01
1.480314582586288452e-01
-9.588447809219360352e-01
-7.833598181605339050e-03
1.293108910322189331e-01
1.238206267356872559e+00
-5.244097858667373657e-02
-4.866230115294456482e-02
7.159313559532165527e-01
-1.064058661460876465e+00
9.358827956020832062e-04
-5.254939198493957520e-01
-1.101259067654609680e-01
-4.428417682647705078e-01
-1.159940481185913086e+00
-8.969956040382385254e-01
3.810502886772155762e-01
5.214381814002990723e-01
-1.057300686836242676e+00
3.482174873352050781e-02
-4.273757338523864746e-01
-6.945732235908508301e-02
-5.810649394989013672e-01
5.808315873146057129e-01
6.083037853240966797e-01
-9.607207775115966797e-01
-6.662821173667907715e-01
9.588237404823303223e-01
2.445495277643203735e-01
8.154003024101257324e-01
2.145719230175018311e-01
2.674829363822937012e-01
2.223912179470062256e-01
6.661096215248107910e-01
6.689634323120117188e-01
-3.055491447448730469e-01
-3.898274600505828857e-01
-4.653933942317962646e-01
-6.750761270523071289e-01
8.134351968765258789e-01
8.040573447942733765e-02
2.117402255535125732e-01
4.171703457832336426e-01
-2.278580069541931152e-01
7.063242793083190918e-01
-4.292427897453308105e-01
-4.580382108688354492e-01
-3.244445323944091797e+00
3.173841238021850586e-01
1.214368104934692383e+00
1.446913599967956543e+00
-8.197721242904663086e-01
-4.117920994758605957e-01
-2.517524063587188721e-01
-6.195986270904541016e-01
1.204699397087097168e+00
7.213385105133056641e-01
1.069381594657897949e+00
6.094752624630928040e-02
2.943999469280242920e-01
2.303432673215866089e-01
-2.111056149005889893e-01
-1.355116248130798340e+00
5.969405546784400940e-02
1.142382740974426270e+00
4.411544799804687500e-01
-6.761315464973449707e-01
-3.485336303710937500e-01
4.604932665824890137e-01
-7.688312530517578125e-01
1.650831103324890137e-01
6.547653675079345703e-01
9.954357147216796875e-01
-1.639646738767623901e-01
-4.300095438957214355e-01
2.294933795928955078e+00
3.942054808139801025e-01
3.506377041339874268e-01
2.566533684730529785e-01
4.146919846534729004e-01
-4.428634941577911377e-01
1.802742928266525269e-01
5.495013594627380371e-01
6.619973182678222656e-01
-6.262454986572265625e-01
-5.473284721374511719e-01
7.887177914381027222e-02
5.642808973789215088e-02
0.000000000000000000e+00
0.000000000000000000e+00
0.000000000000000000e+00
0.000000000000000000e+00
