-5.570813417434692383e-01
1.484681572765111923e-02
3.558678030967712402e-01
1.443194001913070679e-01
-4.498321712017059326e-01
1.466105878353118896e-01
2.741068124771118164e+00
-1.200975701212882996e-01
-2.947201728820800781e-01
5.483816936612129211e-02
5.763501524925231934e-01
8.432437777519226074e-01
-3.344429135322570801e-01
9.727228879928588867e-01
7.848446071147918701e-02
-2.562995851039886475e-01
7.324891686439514160e-01
-2.584035098552703857e-01
-4.056801497936248779e-01
-1.093035936355590820e+00
4.245316982269287109e-01
8.946048617362976074e-01
7.966776490211486816e-01
-5.446175932884216309e-01
1.223927259445190430e+00
8.845084905624389648e-01
-4.440612792968750000e-01
-2.638133466243743896e-01
-7.048023939132690430e-01
8.584617972373962402e-01
1.522096395492553711e+00
1.022718906402587891e+00
-9.570047259330749512e-01
3.672971725463867188e-01
-3.797662556171417236e-01
7.072562575340270996e-01
-1.613561250269412994e-02
2.874653339385986328e-01
-5.748468637466430664e-01
-6.863467693328857422e-01
-6.871424913406372070e-01
-2.629891395568847656e+00
8.173325657844543457e-01
-8.500121235847473145e-01
4.387811422348022461e-01
2.475928217172622681e-01
5.113726258277893066e-01
8.577409386634826660e-01
4.687042161822319031e-02
1.884055495262145996e+00
1.543337821960449219e+00
-3.728562891483306885e-01
-2.044334448873996735e-02
-9.894496202468872070e-01
-4.394083023071289062e-01
1.284929513931274414e+00
9.622323513031005859e-01
-1.114039540290832520e+00
5.350830554962158203e-01
6.577861309051513672e-02
1.922499656677246094e+00
7.290974855422973633e-01
-3.842903077602386475e-01
7.787787318229675293e-01
5.771858096122741699e-01
6.984309852123260498e-02
-3.227271437644958496e-01
-4.481171965599060059e-01
-3.948056995868682861e-01
-1.560473442077636719e+00
1.432010438293218613e-02
1.282593458890914917e-01
2.296245843172073364e-01
-1.164741396903991699e+00
-8.309649229049682617e-01
1.142412185668945312e+00
-1.046117067337036133e+00
5.840676426887512207e-01
-1.333478838205337524e-01
5.710980296134948730e-01
3.049976825714111328e-01
2.242404967546463013e-02
-1.873939782381057739e-01
-5.772169232368469238e-01
6.567870378494262695e-01
-2.856301665306091309e-01
7.053455114364624023e-01
-1.013103723526000977e+00
7.724166512489318848e-01
6.456809639930725098e-01
7.631298303604125977e-01
-3.310464322566986084e-01
1.138522505760192871e+00
-9.537807106971740723e-01
2.769754827022552490e-01
-5.957832932472229004e-01
-4.846684634685516357e-01
-4.761411845684051514e-01
-1.612891435623168945e+00
-4.764192700386047363e-01
0.000000000000000000e+00
0.000000000000000000e+00
0.000000000000000000e+00
0.000000000000000000e+00
0.000000000000000000e+00
0.000000000000000000e+00
0.000000000000000000e+00
0.000000000000000000e+00
0.000000000000000000e+00
0.000000000000000000e+00
0.000000000000000000e+00
0.000000000000000000e+00
0.000000000000000000e+00
0.000000000000000000e+00
0.000000000000000000e+00
0.000000000000000000e+00
