-5.752736926078796387e-01
3.233882784843444824e-01
-3.080017864704132080e-01
-1.312108039855957031e-01
-8.317399024963378906e-01
-7.989895939826965332e-01
-5.996118783950805664e-01
5.700979754328727722e-02
5.195670127868652344e-01
6.013779640197753906e-01
-3.780915439128875732e-01
5.893988609313964844e-01
1.244496703147888184e+00
-2.090366780757904053e-01
-4.539918303489685059e-01
5.709679722785949707e-01
1.946375817060470581e-01
1.043554663658142090e+00
-3.044906444847583771e-02
-6.213216781616210938e-01
7.466399669647216797e-01
-4.553114771842956543e-01
4.274109601974487305e-01
-4.875911474227905273e-01
1.036049239337444305e-02
-4.104762971401214600e-01
-9.733580350875854492e-01
-1.596984714269638062e-01
5.225569605827331543e-01
4.206595420837402344e-01
-9.698240160942077637e-01
9.831607341766357422e-02
-1.810272783041000366e-01
2.323409318923950195e-01
-6.473312526941299438e-02
1.570562243461608887e+00
5.079815983772277832e-01
1.722113937139511108e-01
-7.019721865653991699e-01
3.941979706287384033e-01
2.015088349580764771e-01
8.341651558876037598e-01
2.225284129381179810e-01
1.286705017089843750e+00
3.062591254711151123e-01
6.839175820350646973e-01
3.578774333000183105e-01
-2.057980298995971680e-01
-5.793249607086181641e-01
-8.339987397193908691e-01
-4.957945942878723145e-01
2.100140750408172607e-01
-7.736285030841827393e-02
1.687259376049041748e-01
4.730069041252136230e-01
-2.330940246582031250e+00
6.291044950485229492e-01
2.923664748668670654e-01
-3.222238123416900635e-01
-2.671167373657226562e+00
2.843037247657775879e-01
8.802304863929748535e-01
1.153638720512390137e+00
-8.026260733604431152e-01
-4.154571890830993652e-01
-8.330122232437133789e-01
-5.181342959403991699e-01
1.387617588043212891e+00
6.538125276565551758e-01
6.672720909118652344e-01
-9.368193894624710083e-02
4.959674477577209473e-01
1.995499581098556519e-01
-1.883579939603805542e-01
-6.582095026969909668e-01
2.810788452625274658e-01
1.061253547668457031e+00
1.048326730728149414e+00
-6.467992067337036133e-01
-2.356910854578018188e-01
3.279450535774230957e-01
-9.408717155456542969e-01
9.528699517250061035e-02
6.548472046852111816e-01
9.529564976692199707e-01
-4.077132940292358398e-01
-4.446839690208435059e-01
-4.397500157356262207e-01
3.887208700180053711e-01
5.473015308380126953e-01
8.228579163551330566e-02
9.875666499137878418e-01
-7.308777570724487305e-01
5.083227157592773438e-02
5.206333398818969727e-01
6.972647309303283691e-01
-2.449787408113479614e-01
-6.119231581687927246e-01
2.503131330013275146e-01
5.971766263246536255e-02
0.000000000000000000e+00
0.000000000000000000e+00
0.000000000000000000e+00
0.000000000000000000e+00
0.000000000000000000e+00
