-3.334504365921020508e-01
3.546074032783508301e-01
-1.611222326755523682e-01
-4.578894004225730896e-02
-1.326205372810363770e+00
-4.866423010826110840e-01
-4.968019425868988037e-01
7.188766263425350189e-03
4.690852165222167969e-01
6.653898358345031738e-01
-4.593122601509094238e-01
6.120803356170654297e-01
1.281150579452514648e+00
8.784080296754837036e-02
-7.819046378135681152e-01
3.969352543354034424e-01
-1.014924719929695129e-01
7.724518179893493652e-01
-6.033461540937423706e-02
-5.827755928039550781e-01
6.281923055648803711e-01
-8.648819327354431152e-01
2.205175161361694336e-01
-4.296946227550506592e-01
-3.597014024853706360e-02
-2.384101301431655884e-01
-8.073874115943908691e-01
-4.317183196544647217e-01
3.879958689212799072e-01
5.044857263565063477e-01
-1.008249998092651367e+00
3.863891214132308960e-02
-4.896615743637084961e-01
2.491161674261093140e-01
7.980307936668395996e-02
6.044449210166931152e-01
4.396776854991912842e-01
1.523366384208202362e-02
-6.546606421470642090e-01
3.866124749183654785e-01
2.324949651956558228e-01
6.717835068702697754e-01
8.888164758682250977e-01
1.290227890014648438e+00
2.830012440681457520e-01
6.044516563415527344e-01
2.083027511835098267e-01
-2.198514193296432495e-01
-1.063962101936340332e+00
-8.518571853637695312e-01
-9.006745219230651855e-01
2.754237949848175049e-01
-1.684676408767700195e-01
3.183964490890502930e-01
4.334373176097869873e-01
-1.405700743198394775e-01
5.412291288375854492e-01
-4.231535792350769043e-01
-5.663339495658874512e-01
-2.644272804260253906e+00
3.580653071403503418e-01
1.122584700584411621e+00
7.038486003875732422e-01
-6.421849131584167480e-01
-3.950722217559814453e-01
-6.559226512908935547e-01
-2.976516485214233398e-01
1.366980910301208496e+00
6.686808466911315918e-01
5.245541930198669434e-01
-5.525003075599670410e-01
2.119837105274200439e-01
3.694209828972816467e-02
-1.026490926742553711e-01
6.763532161712646484e-01
1.685149967670440674e-01
7.690959572792053223e-01
1.040773987770080566e+00
-4.674768447875976562e-01
-2.872274219989776611e-01
4.398027658462524414e-01
-9.476474523544311523e-01
5.764182284474372864e-02
6.203704476356506348e-01
4.164493680000305176e-01
-1.832725256681442261e-01
-4.783171713352203369e-01
2.122342109680175781e+00
4.483453631401062012e-01
4.184266030788421631e-01
1.083897873759269714e-01
3.648419976234436035e-01
-3.392629325389862061e-01
7.982594519853591919e-02
4.221814572811126709e-01
5.997790694236755371e-01
-8.659680187702178955e-02
-5.250045061111450195e-01
-7.866131663322448730e-01
3.313103616237640381e-01
0.000000000000000000e+00
0.000000000000000000e+00
0.000000000000000000e+00
0.000000000000000000e+00
0.000000000000000000e+00
