4.765083491802215576e-01
9.061130285263061523e-01
-1.385819792747497559e+00
-1.000548362731933594e+00
6.881849169731140137e-01
-3.166211843490600586e-01
-6.982866525650024414e-01
8.350629210472106934e-01
5.040577054023742676e-01
1.845111012458801270e+00
-3.555391430854797363e-01
-3.930947780609130859e-01
-4.871106147766113281e-01
5.406162738800048828e-01
8.345633745193481445e-01
-5.413873791694641113e-01
1.076109290122985840e+00
5.225528478622436523e-01
6.231682300567626953e-01
-1.195756912231445312e+00
4.459876418113708496e-01
-7.563270926475524902e-01
4.915957152843475342e-02
-8.346599936485290527e-01
4.745524525642395020e-01
1.247875764966011047e-01
1.243787482380867004e-01
4.709163308143615723e-01
-4.748396277427673340e-01
-9.452506303787231445e-01
2.898557662963867188e+00
6.454541534185409546e-02
1.031549334526062012e+00
-3.168802559375762939e-01
1.132875323295593262e+00
1.763433367013931274e-01
5.217748880386352539e-01
-3.166055381298065186e-01
1.600445389747619629e+00
1.925420612096786499e-01
-1.297671794891357422e-01
1.064850807189941406e+00
2.731650136411190033e-03
2.470248341560363770e-01
-7.354339212179183960e-02
-3.885968923568725586e-01
6.453605294227600098e-01
-1.961760818958282471e-01
9.249116182327270508e-01
6.297305226325988770e-01
7.183888554573059082e-01
-2.115408033132553101e-01
-1.607845276594161987e-01
5.614432692527770996e-01
-7.866231352090835571e-02
-9.586978554725646973e-01
1.343501567840576172e+00
9.916578531265258789e-01
-5.081382393836975098e-01
-2.579861581325531006e-01
1.802499592304229736e-02
-3.259141147136688232e-01
1.795044690370559692e-01
9.444579482078552246e-01
-3.574571609497070312e-01
-1.624208092689514160e-01
-7.197238504886627197e-02
-6.204667687416076660e-01
7.089343667030334473e-01
4.480611681938171387e-01
2.428979277610778809e-01
-4.278375804424285889e-01
3.583301007747650146e-01
6.210398077964782715e-01
1.161539435386657715e+00
6.295193433761596680e-01
-3.019456267356872559e-01
2.680764198303222656e-01
1.622287869453430176e+00
1.399068385362625122e-01
8.824549913406372070e-01
8.552397489547729492e-01
4.914404451847076416e-01
-1.841649532318115234e+00
-4.153923094272613525e-01
-3.541098833084106445e-01
-1.105197548866271973e+00
-9.498797655105590820e-01
2.137326240539550781e+00
-9.520219564437866211e-01
8.151478171348571777e-01
1.098715305328369141e+00
-6.283764243125915527e-01
-1.787489503622055054e-01
-4.144397079944610596e-01
-4.189660847187042236e-01
-9.899499416351318359e-01
4.350662529468536377e-01
3.648844063282012939e-01
5.952034592628479004e-01
0.000000000000000000e+00
0.000000000000000000e+00
0.000000000000000000e+00
0.000000000000000000e+00
0.000000000000000000e+00
0.000000000000000000e+00
0.000000000000000000e+00
0.000000000000000000e+00
0.000000000000000000e+00
0.000000000000000000e+00
0.000000000000000000e+00
0.000000000000000000e+00
0.000000000000000000e+00
0.000000000000000000e+00
0.000000000000000000e+00
