-2.455353587865829468e-01
9.552954882383346558e-02
2.802491188049316406e-01
7.267085909843444824e-01
-3.716345131397247314e-01
8.653464913368225098e-02
2.337813854217529297e+00
-4.684024751186370850e-01
5.613430216908454895e-02
-3.063134662806987762e-02
2.463099509477615356e-01
7.603276371955871582e-01
-2.967723309993743896e-01
7.028520703315734863e-01
1.161719784140586853e-01
-1.428346931934356689e-01
4.702205955982208252e-01
-8.670169115066528320e-02
-1.304282903671264648e+00
-1.338138245046138763e-03
4.741297960281372070e-01
9.326201081275939941e-01
-1.661201596260070801e+00
-8.656111955642700195e-01
7.326287031173706055e-01
6.419377923011779785e-01
-1.155265927314758301e+00
-1.781971901655197144e-01
3.437592089176177979e-02
7.755312323570251465e-01
6.219207048416137695e-01
1.327360033988952637e+00
-6.827732324600219727e-01
1.566312164068222046e-01
-2.311741858720779419e-01
7.233809828758239746e-01
3.850488960742950439e-01
5.011591911315917969e-01
-7.970461845397949219e-01
1.078993007540702820e-01
-3.709359765052795410e-01
-8.701097965240478516e-01
9.533241391181945801e-01
-1.128805994987487793e+00
6.108923554420471191e-01
1.633699089288711548e-01
3.204011619091033936e-01
6.976929306983947754e-01
1.176752895116806030e-01
3.302985727787017822e-01
2.361768722534179688e+00
6.502494215965270996e-01
1.105775356292724609e+00
-5.263956189155578613e-01
-1.130071997642517090e+00
2.103017866611480713e-01
7.836454510688781738e-01
7.904856652021408081e-02
2.379661351442337036e-01
3.831515833735466003e-02
8.097469210624694824e-01
5.179909467697143555e-01
-1.316860556602478027e+00
4.025095105171203613e-01
3.896082937717437744e-01
-1.093512251973152161e-01
-1.974738091230392456e-01
-2.634157240390777588e-01
1.616859249770641327e-02
-1.025196075439453125e+00
3.238274529576301575e-02
-1.788105666637420654e-01
4.032185971736907959e-01
-6.966856718063354492e-01
-5.904080271720886230e-01
5.237706899642944336e-01
-9.263468384742736816e-01
1.604903861880302429e-02
-5.163607597351074219e-01
-1.226322770118713379e+00
4.385023415088653564e-01
1.129662245512008667e-01
-4.782814681529998779e-01
-5.799580812454223633e-01
1.988808065652847290e-01
-1.062162280082702637e+00
-8.858804106712341309e-01
-1.111359000205993652e+00
3.147151768207550049e-01
2.992259562015533447e-01
7.026067376136779785e-01
-2.256120443344116211e-01
1.210898041725158691e+00
-3.298879861831665039e-01
1.743399053812026978e-01
-8.739330768585205078e-01
-1.464765071868896484e-01
-3.213279843330383301e-01
-7.826137542724609375e-01
5.177865624427795410e-01
0.000000000000000000e+00
0.000000000000000000e+00
0.000000000000000000e+00
0.000000000000000000e+00
0.000000000000000000e+00
0.000000000000000000e+00
