4.096484780311584473e-01
5.587409138679504395e-01
-2.132519245147705078e+00
-1.092795610427856445e+00
6.848361492156982422e-01
-2.840177118778228760e-01
-6.991758346557617188e-01
8.913064002990722656e-01
2.688135206699371338e-01
1.262106776237487793e+00
-3.341174125671386719e-01
-3.477850556373596191e-01
-4.714161753654479980e-01
9.343141913414001465e-01
7.789592146873474121e-01
-6.126731634140014648e-01
1.042237758636474609e+00
4.318100512027740479e-01
6.870608925819396973e-01
-8.959639072418212891e-01
4.466159939765930176e-01
3.429900705814361572e-01
6.783803105354309082e-01
-7.233161330223083496e-01
9.167722463607788086e-01
1.502539515495300293e-01
2.829843759536743164e-01
4.635657072067260742e-01
3.271779045462608337e-02
-5.347038507461547852e-01
8.636008501052856445e-01
1.769222617149353027e-01
9.112657308578491211e-01
-1.033600687980651855e+00
1.155282497406005859e+00
2.341696023941040039e-01
3.999375104904174805e-01
-2.845167815685272217e-01
1.594396471977233887e+00
5.268414020538330078e-01
-2.118824720382690430e-01
1.388381600379943848e+00
-1.662902161478996277e-02
-6.023908779025077820e-02
-4.753112047910690308e-02
-5.288286805152893066e-01
5.871787071228027344e-01
-4.293463826179504395e-01
5.146338343620300293e-01
5.319661498069763184e-01
3.130827188491821289e+00
5.981246829032897949e-01
-1.483868479728698730e+00
1.437138766050338745e-01
4.806940853595733643e-01
-8.863335847854614258e-01
8.787312507629394531e-01
8.416547179222106934e-01
-4.501918256282806396e-01
-2.456820160150527954e-01
1.536087542772293091e-01
-3.698531091213226318e-01
4.529041647911071777e-01
2.228729724884033203e+00
-4.216113388538360596e-01
3.932724595069885254e-01
-4.032448828220367432e-01
-8.087081909179687500e-01
2.652652859687805176e-01
3.450355827808380127e-01
1.525068581104278564e-01
-3.550839722156524658e-01
3.977713584899902344e-01
5.618405938148498535e-01
-9.777792543172836304e-02
5.687236785888671875e-01
-3.294993340969085693e-01
3.092416822910308838e-01
1.555265545845031738e+00
1.801919490098953247e-01
8.253750205039978027e-01
8.874350786209106445e-01
4.663347601890563965e-01
-7.965323328971862793e-01
-4.114313423633575439e-01
1.114678263664245605e+00
-6.422228813171386719e-01
-8.024082183837890625e-01
2.201951026916503906e+00
-9.458794593811035156e-01
3.962777256965637207e-01
1.244563817977905273e+00
-1.181056261062622070e+00
-3.583114445209503174e-01
-4.177951812744140625e-01
-7.300170063972473145e-01
-3.988720476627349854e-01
5.358109474182128906e-01
4.962341189384460449e-01
3.541241586208343506e-01
0.000000000000000000e+00
0.000000000000000000e+00
0.000000000000000000e+00
0.000000000000000000e+00
0.000000000000000000e+00
0.000000000000000000e+00
0.000000000000000000e+00
0.000000000000000000e+00
0.000000000000000000e+00
0.000000000000000000e+00
0.000000000000000000e+00
0.000000000000000000e+00
0.000000000000000000e+00
0.000000000000000000e+00
0.000000000000000000e+00
0.000000000000000000e+00
0.000000000000000000e+00
0.000000000000000000e+00
