-5.171466469764709473e-01
3.427442610263824463e-01
-2.418868690729141235e-01
-1.276275888085365295e-02
-4.988176226615905762e-01
-8.286811113357543945e-01
-2.391531169414520264e-01
1.580229252576828003e-01
5.836191773414611816e-01
5.196452736854553223e-01
-3.982850611209869385e-01
6.216466426849365234e-01
6.306039690971374512e-01
-7.820861339569091797e-01
-7.790095806121826172e-01
5.744601488113403320e-01
1.606753319501876831e-01
1.078807353973388672e+00
3.807397559285163879e-02
1.520191282033920288e-01
6.558712124824523926e-01
2.255209922790527344e+00
3.562225997447967529e-01
-4.794961214065551758e-01
-4.383464902639389038e-02
-3.607027530670166016e-01
-9.084103107452392578e-01
-3.027693927288055420e-01
3.766649663448333740e-01
5.348511934280395508e-01
-1.004083275794982910e+00
2.223059237003326416e-01
-2.935628294944763184e-01
3.103251755237579346e-01
-6.239689588546752930e-01
6.219585537910461426e-01
4.412038624286651611e-01
-6.404927372932434082e-02
-6.580188274383544922e-01
3.867504596710205078e-01
1.362152099609375000e-01
7.131155133247375488e-01
5.169355273246765137e-01
1.328764438629150391e+00
2.619816064834594727e-01
6.494655013084411621e-01
6.190835237503051758e-01
1.911017000675201416e-01
1.473871231079101562e+00
-6.154329776763916016e-01
-1.751908361911773682e-01
-3.478641808032989502e-01
-3.094670176506042480e-01
1.990722566843032837e-01
4.033899605274200439e-01
-6.158300042152404785e-01
6.522454023361206055e-01
4.869531095027923584e-01
-3.615874052047729492e-01
-2.831216812133789062e+00
4.203023612499237061e-01
1.115890145301818848e+00
8.724674582481384277e-01
-7.233027815818786621e-01
-4.457349181175231934e-01
-5.073835253715515137e-01
-3.796709477901458740e-01
1.220540165901184082e+00
7.060492634773254395e-01
3.603171706199645996e-01
1.234692484140396118e-01
1.293231487274169922e+00
9.333255141973495483e-02
-1.874510496854782104e-01
6.704045534133911133e-01
5.272624269127845764e-02
1.410637617111206055e+00
1.044907331466674805e+00
-5.887056589126586914e-01
-5.031374096870422363e-01
2.226980477571487427e-01
-5.554945468902587891e-01
-1.713991016149520874e-01
5.842134952545166016e-01
4.468076527118682861e-01
-2.652350664138793945e-01
-1.784687489271163940e-01
-9.848036766052246094e-01
3.293400406837463379e-01
7.642848491668701172e-01
-3.229102864861488342e-02
-3.364888727664947510e-01
-1.936564147472381592e-01
2.024855464696884155e-01
4.655033946037292480e-01
6.290758848190307617e-01
-3.124803006649017334e-01
-4.789057374000549316e-01
-5.031487345695495605e-01
4.788933992385864258e-01
0.000000000000000000e+00
0.000000000000000000e+00
0.000000000000000000e+00
0.000000000000000000e+00
0.000000000000000000e+00
0.000000000000000000e+00
