-2.144803553819656372e-01
2.303356770426034927e-03
3.210574984550476074e-01
6.721539497375488281e-01
-3.284633159637451172e-01
4.574676230549812317e-02
2.135031223297119141e+00
9.235829114913940430e-02
-2.573408186435699463e-01
-8.392696268856525421e-03
7.496389746665954590e-01
9.130607247352600098e-01
1.176256299018859863e+00
8.682073354721069336e-01
-8.236363530158996582e-02
-2.153142243623733521e-01
2.832039594650268555e-01
-1.558477282524108887e-01
-3.402022719383239746e-01
-1.089209794998168945e+00
5.173705220222473145e-01
7.136461138725280762e-01
1.097303509712219238e+00
-5.481175184249877930e-01
9.652267694473266602e-01
5.854071974754333496e-01
-6.194944381713867188e-01
-2.648595869541168213e-01
-1.091107726097106934e+00
7.852576375007629395e-01
1.036703228950500488e+00
1.341891765594482422e+00
-5.881921052932739258e-01
1.889965236186981201e-01
-3.498539030551910400e-01
3.635239005088806152e-01
1.964277625083923340e-01
3.632734715938568115e-01
-4.371674358844757080e-01
3.769688904285430908e-01
-5.989328026771545410e-01
-1.284453868865966797e+00
8.056653141975402832e-01
-7.768629193305969238e-01
6.400692462921142578e-01
2.778378725051879883e-01
1.768100261688232422e-01
7.127885222434997559e-01
-1.205303799360990524e-02
1.129732728004455566e+00
3.182148456573486328e+00
1.156714439392089844e+00
1.141610026359558105e+00
-2.012831568717956543e-01
-9.895307421684265137e-01
3.521054685115814209e-01
1.175019860267639160e+00
-1.535240650177001953e+00
-2.488551102578639984e-02
1.352436244487762451e-01
1.152425765991210938e+00
6.834049224853515625e-01
-1.307779192924499512e+00
5.912113189697265625e-01
3.609746694564819336e-01
1.032445654273033142e-01
-1.007466077804565430e+00
-4.151149094104766846e-01
-2.687657773494720459e-01
-1.219849824905395508e+00
1.575493365526199341e-01
1.484473943710327148e+00
2.679306566715240479e-01
-6.257203817367553711e-01
-2.687995135784149170e-01
8.977789282798767090e-01
-4.625445902347564697e-01
4.029060602188110352e-01
-4.867283701896667480e-01
5.579589605331420898e-01
4.849696159362792969e-01
2.852767892181873322e-02
-7.097949385643005371e-01
-3.817477226257324219e-01
4.924185946583747864e-02
1.544044762849807739e-01
-3.896775484085083008e+00
-1.175739049911499023e+00
3.378294110298156738e-01
1.848338395357131958e-01
6.836994886398315430e-01
-3.154845833778381348e-01
1.744179010391235352e+00
-2.441587150096893311e-01
1.555048227310180664e-01
-1.039368271827697754e+00
-6.259555220603942871e-01
-3.085874021053314209e-01
-9.415926933288574219e-01
-9.256493300199508667e-02
0.000000000000000000e+00
0.000000000000000000e+00
0.000000000000000000e+00
0.000000000000000000e+00
0.000000000000000000e+00
0.000000000000000000e+00
