-3.768575191497802734e-01
6.761178970336914062e-01
-2.386917114257812500e+00
-6.733049154281616211e-01
6.796050667762756348e-01
-2.077528536319732666e-01
-3.731953799724578857e-01
6.037171483039855957e-01
3.952822983264923096e-01
2.118464469909667969e+00
-2.785723805427551270e-01
-3.862213790416717529e-01
-5.837549567222595215e-01
7.619550824165344238e-01
5.430298447608947754e-01
-5.475839972496032715e-01
1.168643474578857422e+00
3.837643265724182129e-01
4.545576125383377075e-02
-1.068055748939514160e+00
2.889889478683471680e-01
7.003944516181945801e-01
6.024782061576843262e-01
-7.676730155944824219e-01
1.086774110794067383e+00
1.269263774156570435e-01
3.310661911964416504e-01
4.741482436656951904e-01
4.270219504833221436e-01
-5.567324161529541016e-01
8.579921722412109375e-01
2.457001991569995880e-02
9.891001582145690918e-01
-1.123175024986267090e+00
9.046626687049865723e-01
2.497363984584808350e-01
3.927861452102661133e-01
-2.752220034599304199e-01
1.552614331245422363e+00
1.339429169893264771e-01
2.132263183593750000e-01
8.415169715881347656e-01
1.066662278026342392e-02
1.718200743198394775e-01
-6.057966500520706177e-02
-3.131032884120941162e-01
7.815517783164978027e-01
-5.354893207550048828e-01
1.029371380805969238e+00
6.368333101272583008e-01
-9.412235617637634277e-01
-6.196742057800292969e-01
-1.406136631965637207e+00
2.373877465724945068e-01
6.890493631362915039e-01
3.202229738235473633e-01
1.181808710098266602e+00
1.079757809638977051e+00
-5.247182846069335938e-01
-1.601279973983764648e-01
-1.028836727142333984e+00
-2.747288346290588379e-01
-6.917622089385986328e-01
2.064736634492874146e-01
-3.379340767860412598e-01
1.775415241718292236e-01
-2.712282836437225342e-01
-8.004032373428344727e-01
2.580539584159851074e-01
5.204622745513916016e-01
-1.204584017395973206e-01
-5.577363967895507812e-01
3.369188606739044189e-01
2.600814104080200195e-01
1.129334092140197754e+00
3.492986261844635010e-01
-3.816626071929931641e-01
3.151963055133819580e-01
1.580808758735656738e+00
8.193625509738922119e-02
8.585691452026367188e-01
8.852505087852478027e-01
6.103072762489318848e-01
-1.501954913139343262e+00
-3.616935312747955322e-01
-5.048481002449989319e-02
-7.791646122932434082e-01
-6.330622434616088867e-01
1.546060919761657715e+00
-6.380843520164489746e-01
7.854015231132507324e-01
1.287202596664428711e+00
-4.270613491535186768e-01
-2.904352247714996338e-01
-1.216085314750671387e+00
-9.843385219573974609e-01
-3.824046254158020020e-01
-1.739179044961929321e-01
3.351959288120269775e-01
4.398754835128784180e-01
0.000000000000000000e+00
0.000000000000000000e+00
0.000000000000000000e+00
0.000000000000000000e+00
0.000000000000000000e+00
0.000000000000000000e+00
0.000000000000000000e+00
0.000000000000000000e+00
0.000000000000000000e+00
0.000000000000000000e+00
0.000000000000000000e+00
0.000000000000000000e+00
0.000000000000000000e+00
0.000000000000000000e+00
0.000000000000000000e+00
0.000000000000000000e+00
