-2.136722207069396973e-01
1.676745116710662842e-01
-2.640352845191955566e-01
-1.484786272048950195e-01
-8.831393122673034668e-01
-5.236874818801879883e-01
-1.816359162330627441e-01
1.176310107111930847e-01
4.320765435695648193e-01
8.067346811294555664e-01
-7.909553050994873047e-01
6.403313279151916504e-01
-1.108455896377563477e+00
-4.511622190475463867e-01
-2.992322444915771484e-01
6.205005049705505371e-01
3.388321697711944580e-01
1.151222944259643555e+00
-1.287834048271179199e-01
-6.092247962951660156e-01
7.545944452285766602e-01
-8.670671582221984863e-01
2.509751319885253906e-01
-5.901883244514465332e-01
-1.864970847964286804e-02
-6.551880836486816406e-01
-9.346342086791992188e-01
-2.418854087591171265e-01
3.176854848861694336e-01
6.665709614753723145e-01
-9.980746507644653320e-01
-1.327297836542129517e-01
-6.806501150131225586e-01
2.819741964340209961e-01
-1.884605884552001953e-01
8.503931164741516113e-01
6.084008812904357910e-01
7.219188660383224487e-02
-7.126221060752868652e-01
1.302280873060226440e-01
2.422764524817466736e-02
8.511548042297363281e-01
3.757595121860504150e-01
1.111651182174682617e+00
3.538816273212432861e-01
7.478852272033691406e-01
2.805227637290954590e-01
-2.202209532260894775e-01
-3.638065755367279053e-01
-8.041493892669677734e-01
-8.803352713584899902e-01
-1.239074990153312683e-01
-1.649267822504043579e-01
2.761756479740142822e-01
4.379377961158752441e-01
-2.425045818090438843e-01
7.491140365600585938e-01
-1.473696827888488770e+00
-8.345664143562316895e-01
-2.618606567382812500e+00
3.386167585849761963e-01
9.211359620094299316e-01
8.605301976203918457e-01
-8.119793534278869629e-01
-6.016575098037719727e-01
-5.095500349998474121e-01
-8.142374753952026367e-01
1.111277103424072266e+00
6.739613413810729980e-01
7.186394929885864258e-01
9.306127578020095825e-02
1.066275954246520996e+00
2.025428861379623413e-01
-1.024979650974273682e-01
2.961544990539550781e-01
3.510166704654693604e-01
7.227894663810729980e-01
1.053053855895996094e+00
-6.208876371383666992e-01
-4.031041562557220459e-01
4.280284941196441650e-01
-9.293484091758728027e-01
3.001044131815433502e-02
7.374917864799499512e-01
5.334595441818237305e-01
-1.951553225517272949e-01
-2.687577009201049805e-01
2.322744369506835938e+00
3.652347326278686523e-01
3.371135890483856201e-01
9.244282543659210205e-02
-1.346083521842956543e+00
-8.522207736968994141e-01
6.765326950699090958e-03
5.908284187316894531e-01
7.394254207611083984e-01
-1.789051443338394165e-01
-5.138314366340637207e-01
-1.449712067842483521e-01
4.448343813419342041e-01
0.000000000000000000e+00
0.000000000000000000e+00
0.000000000000000000e+00
0.000000000000000000e+00
0.000000000000000000e+00
0.000000000000000000e+00
