-7.274063229560852051e-01
-1.030550748109817505e-01
-1.714275330305099487e-01
1.226795792579650879e+00
-4.557374417781829834e-01
-8.835871815681457520e-01
2.981060743331909180e-01
-2.336539983749389648e+00
-3.821151554584503174e-01
-1.638938933610916138e-01
1.207862615585327148e+00
7.378588914871215820e-01
-8.972789049148559570e-01
-6.411575078964233398e-01
-4.601601511240005493e-03
-3.007145822048187256e-01
-6.770177483558654785e-01
7.103519439697265625e-01
2.585808932781219482e-01
-9.129738211631774902e-01
9.154949188232421875e-01
-7.402957677841186523e-01
7.231131196022033691e-01
4.152323603630065918e-01
1.502287536859512329e-01
1.164826035499572754e+00
-4.638937413692474365e-01
-4.111404120922088623e-01
-6.462588161230087280e-02
-1.711319983005523682e-01
-4.101715087890625000e-01
9.584798812866210938e-01
1.472821235656738281e+00
4.033245742321014404e-01
-1.146270990371704102e+00
2.842108726501464844e+00
-7.534585893154144287e-02
3.067584037780761719e-01
-2.623172700405120850e-01
6.785858869552612305e-01
-4.452463090419769287e-01
-2.936982810497283936e-01
-4.289589226245880127e-01
1.373006343841552734e+00
7.189032435417175293e-01
8.219088315963745117e-01
8.901368379592895508e-01
2.191052138805389404e-01
9.902910590171813965e-01
5.299018025398254395e-01
-1.890255659818649292e-01
-4.759627282619476318e-01
-8.419254422187805176e-01
8.930543810129165649e-02
-2.307438850402832031e-01
9.133166670799255371e-01
-8.982267379760742188e-01
3.149521052837371826e-01
8.010705932974815369e-03
-2.367102354764938354e-01
-7.802456617355346680e-02
4.754557013511657715e-01
-4.182631373405456543e-01
-3.172942399978637695e-01
2.564465403556823730e-01
1.565538883209228516e+00
-2.162804603576660156e-01
1.306125521659851074e+00
-1.608875691890716553e-01
7.095795869827270508e-01
1.456627994775772095e-01
7.876477241516113281e-01
1.414695382118225098e+00
7.459734082221984863e-01
-1.260307908058166504e+00
-4.666426181793212891e-01
-5.157527923583984375e-01
9.339690953493118286e-02
1.779675841331481934e+00
-8.174375891685485840e-01
8.618544340133666992e-01
6.709107011556625366e-02
8.956852555274963379e-01
7.337285578250885010e-02
-8.580510616302490234e-01
-1.223156228661537170e-02
-8.609783649444580078e-01
1.661919355392456055e-01
8.537579774856567383e-01
7.228612303733825684e-01
-2.642174065113067627e-01
-9.100180268287658691e-01
4.455510154366493225e-02
-6.573369354009628296e-02
-8.646200299263000488e-01
-4.028887152671813965e-01
-8.775434643030166626e-02
-4.229398071765899658e-01
5.071925520896911621e-01
1.214988708496093750e+00
0.000000000000000000e+00
0.000000000000000000e+00
0.000000000000000000e+00
0.000000000000000000e+00
