8.120860904455184937e-02
1.129071474075317383e+00
-4.317229986190795898e-01
-1.201288819313049316e+00
4.754154384136199951e-01
-3.262286484241485596e-01
4.577861130237579346e-01
4.446025192737579346e-01
3.393026888370513916e-01
6.014227271080017090e-01
-2.575433850288391113e-01
-6.363512873649597168e-01
-3.511092364788055420e-01
4.683306515216827393e-01
7.114685773849487305e-01
-3.698036074638366699e-01
4.128828346729278564e-01
-6.550449877977371216e-02
-1.566589437425136566e-02
-8.926147222518920898e-01
9.130120277404785156e-01
-1.182490229606628418e+00
4.141565263271331787e-01
-6.376767754554748535e-01
5.042526721954345703e-01
2.840261533856391907e-02
9.137303382158279419e-02
1.067551374435424805e+00
-2.665331959724426270e-01
-1.869213581085205078e-01
1.456207036972045898e+00
2.158203572034835815e-01
5.434554219245910645e-01
-1.120356917381286621e+00
6.163963675498962402e-01
2.007861435413360596e-01
3.000431954860687256e-01
-2.941518723964691162e-01
3.485310554504394531e+00
3.981164991855621338e-01
2.014717012643814087e-01
4.742292165756225586e-01
-1.132721751928329468e-01
5.263609811663627625e-02
7.668818533420562744e-02
-4.277079999446868896e-01
3.074026703834533691e-01
-7.555942237377166748e-02
5.316386818885803223e-01
5.476816892623901367e-01
1.164136052131652832e+00
1.117478847503662109e+00
-6.022403836250305176e-01
-1.758025884628295898e-01
-7.050949335098266602e-01
-7.936757206916809082e-01
4.985196888446807861e-01
3.791097700595855713e-01
-4.815442562103271484e-01
1.752810925245285034e-02
-7.045513484627008438e-04
-1.314051002264022827e-01
2.509686350822448730e-01
4.367450177669525146e-01
4.425806179642677307e-02
-7.717147469520568848e-02
-1.036716625094413757e-01
-4.716022610664367676e-01
-4.265167191624641418e-02
3.154732584953308105e-01
-1.811158359050750732e-01
-2.109687626361846924e-01
6.304649114608764648e-01
4.456873834133148193e-01
1.277790814638137817e-01
1.465211957693099976e-01
-4.825776815414428711e-01
1.328420788049697876e-01
9.623514413833618164e-01
-7.599772810935974121e-01
5.706374645233154297e-01
5.984883308410644531e-01
3.192825019359588623e-01
-3.745650947093963623e-01
-2.817336320877075195e-01
-1.707252860069274902e-01
-8.700972199440002441e-01
-9.800001978874206543e-01
5.776382088661193848e-01
-8.121747970581054688e-01
4.583396613597869873e-01
2.510452508926391602e+00
-5.457747578620910645e-01
-1.527537554502487183e-01
-2.456600666046142578e+00
-5.037887692451477051e-01
3.969531953334808350e-01
6.005778908729553223e-01
3.229156434535980225e-01
1.506409645080566406e-01
0.000000000000000000e+00
0.000000000000000000e+00
0.000000000000000000e+00
0.000000000000000000e+00
