2.105900794267654419e-01
5.586245656013488770e-01
-1.227192878723144531e+00
-1.089095234870910645e+00
6.416168808937072754e-01
-6.324127912521362305e-01
-7.100479006767272949e-01
9.466297626495361328e-01
4.189169108867645264e-01
1.083930373191833496e+00
-5.378429293632507324e-01
-3.715747594833374023e-01
-6.977025866508483887e-01
4.622007906436920166e-01
8.753955364227294922e-01
-7.358883619308471680e-01
1.751755118370056152e+00
3.304223716259002686e-01
7.793786525726318359e-01
-1.048537254333496094e+00
3.021255731582641602e-01
1.471733748912811279e-01
4.796823263168334961e-01
-8.501432538032531738e-01
7.031137943267822266e-01
5.330753922462463379e-01
-2.228615991771221161e-02
1.824153900146484375e+00
4.624527692794799805e-01
-5.167459249496459961e-01
3.229505062103271484e+00
1.233325749635696411e-01
7.361329793930053711e-01
-7.182242870330810547e-01
1.153119802474975586e+00
3.566014468669891357e-01
3.885330557823181152e-01
-4.487581849098205566e-01
1.488288164138793945e+00
6.052364408969879150e-02
9.433773905038833618e-02
1.660996437072753906e+00
-1.120490487664937973e-02
-3.365386426448822021e-01
7.151152938604354858e-02
-5.685051679611206055e-01
4.769404232501983643e-01
-2.765177488327026367e-01
8.433332443237304688e-01
5.807098150253295898e-01
5.435560941696166992e-01
9.252636432647705078e-01
-1.427237153053283691e+00
8.502058386802673340e-01
5.945181846618652344e-02
-9.289137125015258789e-01
1.122483849525451660e+00
9.920459985733032227e-01
-5.940619707107543945e-01
-2.302889227867126465e-01
2.380007058382034302e-01
-5.344222784042358398e-01
2.711462080478668213e-01
1.419453173875808716e-01
-7.862243056297302246e-01
-2.808975875377655029e-01
-2.582238614559173584e-01
-7.937239408493041992e-01
7.863034605979919434e-01
5.511640906333923340e-01
2.146448642015457153e-01
-5.818136930465698242e-01
4.157579541206359863e-01
5.296386480331420898e-01
1.095606803894042969e+00
3.139217495918273926e-01
-5.389764904975891113e-01
2.975392937660217285e-01
1.582016825675964355e+00
3.407651484012603760e-01
7.042314410209655762e-01
8.457618951797485352e-01
5.248360633850097656e-01
-5.065257549285888672e-01
-3.868486583232879639e-01
-5.857274532318115234e-01
-8.995807170867919922e-01
-7.051990628242492676e-01
2.615620136260986328e+00
-4.297074675559997559e-01
7.007234692573547363e-01
1.051175713539123535e+00
-3.669925630092620850e-01
-7.168009877204895020e-01
-4.190966784954071045e-01
-4.573522508144378662e-01
-3.530735969543457031e-01
-8.280333131551742554e-02
4.201972782611846924e-01
3.045875132083892822e-01
0.000000000000000000e+00
0.000000000000000000e+00
0.000000000000000000e+00
0.000000000000000000e+00
0.000000000000000000e+00
0.000000000000000000e+00
0.000000000000000000e+00
0.000000000000000000e+00
0.000000000000000000e+00
0.000000000000000000e+00
0.000000000000000000e+00
0.000000000000000000e+00
0.000000000000000000e+00
0.000000000000000000e+00
0.000000000000000000e+00
0.000000000000000000e+00
