7.676149718463420868e-03
5.393160581588745117e-01
-7.774854898452758789e-01
-9.733868837356567383e-01
5.721653103828430176e-01
-2.319432497024536133e-01
4.733420610427856445e-01
8.098306655883789062e-01
2.712408304214477539e-01
7.701247334480285645e-01
-2.344379574060440063e-01
-6.396119594573974609e-01
-4.235058426856994629e-01
5.274770259857177734e-01
5.976806282997131348e-01
-4.902795851230621338e-01
7.715418338775634766e-01
1.175436228513717651e-01
9.172344580292701721e-03
-9.474346041679382324e-01
1.392534375190734863e-01
-1.225533008575439453e+00
2.133239507675170898e-01
-5.763870477676391602e-01
3.478025197982788086e-01
2.773096859455108643e-01
9.438091516494750977e-02
3.142025172710418701e-01
-2.662448445335030556e-03
-3.548781275749206543e-01
1.176443457603454590e+00
1.049431204795837402e+00
6.545182466506958008e-01
-1.166079521179199219e+00
7.127159833908081055e-01
5.284447968006134033e-02
5.027503371238708496e-01
-1.464640498161315918e-01
3.003953695297241211e+00
3.075149655342102051e-02
2.078870534896850586e-01
8.443197011947631836e-01
-1.604891270399093628e-01
5.264673009514808655e-02
7.073434591293334961e-01
-3.757067024707794189e-01
4.146305024623870850e-01
-5.119322538375854492e-01
7.817323207855224609e-01
4.006530046463012695e-01
1.051059961318969727e+00
1.322811722755432129e+00
1.607755869626998901e-01
1.043253764510154724e-01
-1.219459995627403259e-01
-9.168649315834045410e-01
7.921983003616333008e-01
7.602273225784301758e-01
-4.291406273841857910e-01
-1.171749234199523926e-01
9.729195386171340942e-02
-3.169647157192230225e-01
1.756819337606430054e-02
4.041455388069152832e-01
-4.191251099109649658e-01
-5.426177382469177246e-02
5.277802348136901855e-01
-7.542850971221923828e-01
7.703438997268676758e-01
3.818608522415161133e-01
-1.321645826101303101e-02
-3.251405060291290283e-01
2.182261496782302856e-01
-2.082240432500839233e-01
1.204162716865539551e+00
3.806721270084381104e-01
-1.775691062211990356e-01
6.315973401069641113e-01
1.060696482658386230e+00
8.956214189529418945e-01
1.014246344566345215e+00
6.916920542716979980e-01
4.417207241058349609e-01
-7.392736077308654785e-01
-2.819004654884338379e-01
-1.430952697992324829e-01
-9.180276393890380859e-01
-9.767826795578002930e-01
8.906806707382202148e-01
-4.964765012264251709e-01
4.986951053142547607e-01
1.235933661460876465e+00
-4.515996873378753662e-01
-8.663868904113769531e-02
-2.992231369018554688e+00
-6.661237031221389771e-02
-9.019389003515243530e-02
9.848530888557434082e-01
4.102517366409301758e-01
1.604968905448913574e-01
0.000000000000000000e+00
0.000000000000000000e+00
0.000000000000000000e+00
0.000000000000000000e+00
