6.022465601563453674e-02
6.482502818107604980e-01
-2.145773172378540039e+00
-9.512615203857421875e-01
9.076034426689147949e-01
-2.538348436355590820e-01
-2.400621473789215088e-01
9.155093431472778320e-01
4.194396734237670898e-01
2.439572572708129883e+00
-2.444661110639572144e-01
-5.364594459533691406e-01
-9.632023572921752930e-01
5.558596253395080566e-01
8.555872440338134766e-01
-1.833743751049041748e-01
6.202117800712585449e-01
1.835145950317382812e-01
-5.996515750885009766e-01
-8.085309267044067383e-01
1.837184131145477295e-01
-1.542528986930847168e+00
3.743759989738464355e-01
-7.308388948440551758e-01
6.098107695579528809e-01
4.575152099132537842e-01
4.491561651229858398e-01
7.707207202911376953e-01
4.679079353809356689e-02
-5.435242652893066406e-01
6.516338586807250977e-01
3.242825567722320557e-01
8.702530860900878906e-01
-5.777814388275146484e-01
7.229053378105163574e-01
1.393110156059265137e-01
3.878041803836822510e-01
-2.427223771810531616e-01
1.485472321510314941e+00
-7.172811627388000488e-01
-1.493389904499053955e-01
1.342669486999511719e+00
1.197837758809328079e-02
2.307580262422561646e-01
8.436351418495178223e-01
-5.942536592483520508e-01
6.831730008125305176e-01
-2.383144348859786987e-01
9.144077301025390625e-01
7.743362188339233398e-01
7.479882240295410156e-01
-1.346478313207626343e-01
-4.676559567451477051e-01
-4.142430722713470459e-01
6.203597411513328552e-02
-1.228615164756774902e+00
1.024251580238342285e+00
8.797591328620910645e-01
-9.169123768806457520e-01
-2.355342060327529907e-01
2.015796303749084473e-02
-3.764714300632476807e-01
-1.912108212709426880e-01
5.208383798599243164e-01
-4.553553164005279541e-01
-1.807018518447875977e-01
-1.221314966678619385e-01
-5.813957452774047852e-01
5.399918556213378906e-01
2.890551388263702393e-01
6.743131279945373535e-01
-5.152335762977600098e-01
2.568519413471221924e-01
1.967802941799163818e-01
1.176054596900939941e+00
1.000856161117553711e+00
-2.953363656997680664e-01
2.051977962255477905e-01
1.639135241508483887e+00
5.477104187011718750e-01
6.736338734626770020e-01
-1.912874728441238403e-02
3.989986181259155273e-01
-2.455240249633789062e+00
-4.083644151687622070e-01
-6.283288002014160156e-01
-1.140521049499511719e+00
-1.004713654518127441e+00
1.818422436714172363e+00
-8.301428556442260742e-01
3.330229520797729492e-01
1.093736886978149414e+00
-2.421546876430511475e-01
-1.248001828789710999e-01
-1.889683842658996582e+00
-1.543120294809341431e-01
-5.543995499610900879e-01
4.624007344245910645e-01
4.079119563102722168e-01
1.394710540771484375e-01
0.000000000000000000e+00
0.000000000000000000e+00
0.000000000000000000e+00
0.000000000000000000e+00
0.000000000000000000e+00
0.000000000000000000e+00
0.000000000000000000e+00
0.000000000000000000e+00
0.000000000000000000e+00
0.000000000000000000e+00
0.000000000000000000e+00
0.000000000000000000e+00
0.000000000000000000e+00
0.000000000000000000e+00
0.000000000000000000e+00
0.000000000000000000e+00
