-2.025265693664550781e-01
-4.996669888496398926e-01
5.445959568023681641e-01
1.150532364845275879e+00
1.530860811471939087e-01
7.421427369117736816e-01
-1.197844386100769043e+00
2.937040291726589203e-02
5.070631504058837891e-01
-8.048316240310668945e-01
-4.846949577331542969e-01
-8.125303983688354492e-01
-7.358218431472778320e-01
-2.882784008979797363e-01
1.404066532850265503e-01
-1.122651457786560059e+00
-1.060676693916320801e+00
-2.992037832736968994e-01
-2.381487935781478882e-01
7.268030643463134766e-01
3.859564661979675293e-01
7.438282966613769531e-01
-1.218237876892089844e+00
-1.153232976794242859e-01
2.890012025833129883e+00
-1.317515969276428223e-01
5.780771970748901367e-01
-9.262928962707519531e-01
-3.308933675289154053e-01
4.486830234527587891e-01
-6.410017609596252441e-02
-1.277862906455993652e+00
5.531695485115051270e-01
2.675094604492187500e-01
-1.756092011928558350e-01
-2.839111089706420898e-01
-2.801141887903213501e-02
4.561987519264221191e-01
4.367532432079315186e-01
2.116304785013198853e-01
-3.820326030254364014e-01
1.008517742156982422e+00
1.083456397056579590e+00
-4.519942700862884521e-01
3.352225124835968018e-01
2.762009501457214355e-01
6.114398837089538574e-01
-2.561567723751068115e-01
7.452054023742675781e-01
7.398728728294372559e-01
9.537617675960063934e-03
-9.387845396995544434e-01
6.074804067611694336e-01
-5.704784393310546875e-01
-4.198261201381683350e-01
1.785848259925842285e+00
7.362930178642272949e-01
-8.441884517669677734e-01
2.067143917083740234e-01
-1.229161769151687622e-01
7.702050805091857910e-01
-1.225989699363708496e+00
6.371152997016906738e-01
-1.260940551757812500e+00
1.757247932255268097e-02
7.526022195816040039e-01
-8.160048723220825195e-01
1.486861556768417358e-01
1.966824829578399658e-01
-4.746627509593963623e-01
7.607471197843551636e-02
1.503447175025939941e+00
6.521979570388793945e-01
-4.929592609405517578e-01
-6.573102474212646484e-01
5.004044771194458008e-01
6.985528767108917236e-02
9.445945620536804199e-01
3.583110570907592773e-01
-4.222539067268371582e-01
-5.062080025672912598e-01
-8.965390324592590332e-01
2.455484390258789062e+00
1.321300148963928223e+00
-6.184418797492980957e-01
3.577867746353149414e-01
-2.616680562496185303e-01
-8.650328963994979858e-02
1.419409751892089844e+00
-6.534830927848815918e-01
1.444181919097900391e+00
-1.354823410511016846e-01
-6.767114251852035522e-02
6.458221673965454102e-01
-4.889862537384033203e-01
1.800862103700637817e-01
9.104166179895401001e-02
-2.537982463836669922e-01
-2.589219212532043457e-01
2.336168050765991211e+00
0.000000000000000000e+00
0.000000000000000000e+00
0.000000000000000000e+00
0.000000000000000000e+00
0.000000000000000000e+00
