2.392257452011108398e-01
1.434808015823364258e+00
-2.239676952362060547e+00
-9.027928113937377930e-01
6.784060001373291016e-01
-2.758506834506988525e-01
-7.406182885169982910e-01
9.052935838699340820e-01
3.051142692565917969e-01
1.933732986450195312e+00
-3.228671252727508545e-01
-4.011352360248565674e-01
-9.056252837181091309e-01
6.853680610656738281e-01
9.072552323341369629e-01
-9.646306186914443970e-02
9.463014602661132812e-01
4.951928555965423584e-01
5.276346802711486816e-01
-8.330879807472229004e-01
5.720701813697814941e-01
-7.635313272476196289e-01
-1.079292654991149902e+00
-5.461157560348510742e-01
6.652728915214538574e-01
1.382643133401870728e-01
1.791935116052627563e-01
4.169830679893493652e-01
3.433775007724761963e-01
-3.073109686374664307e-01
3.186001062393188477e+00
-6.109410524368286133e-01
9.703049063682556152e-01
-4.299037754535675049e-01
9.869375228881835938e-01
2.940254211425781250e-01
6.010965704917907715e-01
-3.117061853408813477e-01
1.577207684516906738e+00
3.095477223396301270e-01
1.411689072847366333e-01
1.222092151641845703e+00
-7.240124512463808060e-03
-2.400396317243576050e-01
8.498761802911758423e-02
-4.009005427360534668e-01
6.248213052749633789e-01
-3.745082914829254150e-01
1.257318496704101562e+00
1.127582788467407227e+00
-9.251017123460769653e-03
-1.855061948299407959e-01
2.448720857501029968e-02
1.645477056503295898e+00
8.662068843841552734e-02
-9.374667406082153320e-01
1.227205991744995117e+00
9.919729232788085938e-01
-7.530127763748168945e-01
-2.907534837722778320e-01
1.629857271909713745e-01
-3.386438786983489990e-01
2.656759321689605713e-01
4.667326807975769043e-01
-4.219360947608947754e-01
-5.253237113356590271e-02
-1.557816565036773682e-01
-7.831990718841552734e-01
7.290611267089843750e-01
1.974076926708221436e-01
1.764743030071258545e-01
7.899202406406402588e-02
3.630243539810180664e-01
4.426040053367614746e-01
-9.887086600065231323e-02
3.501085638999938965e-01
-1.751185953617095947e-01
2.526400089263916016e-01
1.542834997177124023e+00
-2.321147024631500244e-01
8.148419857025146484e-01
7.978132963180541992e-01
5.468667745590209961e-01
-9.580148458480834961e-01
-5.630491971969604492e-01
-2.121603637933731079e-01
-1.122475385665893555e+00
-1.060348749160766602e+00
2.265506505966186523e+00
-6.599550247192382812e-01
4.565024971961975098e-01
1.326366901397705078e+00
-4.925708472728729248e-01
-2.549448013305664062e-01
-4.531539380550384521e-01
-5.545013546943664551e-01
-9.838236570358276367e-01
1.148832142353057861e-01
4.994708001613616943e-01
9.032410383224487305e-02
0.000000000000000000e+00
0.000000000000000000e+00
0.000000000000000000e+00
0.000000000000000000e+00
0.000000000000000000e+00
0.000000000000000000e+00
0.000000000000000000e+00
0.000000000000000000e+00
0.000000000000000000e+00
0.000000000000000000e+00
0.000000000000000000e+00
0.000000000000000000e+00
0.000000000000000000e+00
0.000000000000000000e+00
0.000000000000000000e+00
