5.141772031784057617e-01
8.087837100028991699e-01
-1.080976605415344238e+00
-9.479346275329589844e-01
6.830985546112060547e-01
-4.454927444458007812e-01
-6.781949400901794434e-01
9.164867401123046875e-01
4.637540578842163086e-01
2.180914878845214844e+00
-5.181668996810913086e-01
-4.085656404495239258e-01
-6.952202916145324707e-01
6.406728625297546387e-01
8.617658019065856934e-01
-4.884740710258483887e-01
8.078207373619079590e-01
4.521769285202026367e-01
2.169792801141738892e-01
-1.192457795143127441e+00
2.730271220207214355e-01
3.844444174319505692e-03
4.345688223838806152e-01
-4.786192178726196289e-01
5.859328508377075195e-01
2.612525820732116699e-01
-9.083420634269714355e-01
6.011320948600769043e-01
-2.308606654405593872e-01
-5.553135275840759277e-01
1.571817874908447266e+00
-9.323811531066894531e-02
1.074682354927062988e+00
-6.559441685676574707e-01
1.202992796897888184e+00
1.464679390192031860e-01
3.650599718093872070e-01
-5.364217758178710938e-01
1.588528871536254883e+00
1.652180254459381104e-01
-3.040940463542938232e-01
1.202155113220214844e+00
-2.720521204173564911e-02
4.967155680060386658e-02
1.030900180339813232e-01
-4.543404877185821533e-01
5.079382658004760742e-01
-3.097087740898132324e-01
2.060324430465698242e+00
7.991263270378112793e-01
3.128454208374023438e+00
9.233325719833374023e-01
1.926075965166091919e-01
5.736129283905029297e-01
2.924016118049621582e-01
-1.025967955589294434e+00
1.658595919609069824e+00
1.653475999832153320e+00
-6.702620983123779297e-01
-1.706106960773468018e-01
-1.010679919272661209e-02
-4.514150917530059814e-01
1.841536760330200195e-01
5.127254128456115723e-01
-2.351626008749008179e-01
-1.032218039035797119e-01
1.285016089677810669e-01
-1.075581431388854980e+00
5.765952467918395996e-01
3.516476154327392578e-01
3.848180472850799561e-01
-4.819791615009307861e-01
5.417292118072509766e-01
5.861935019493103027e-01
1.148652553558349609e+00
3.411140143871307373e-01
-5.597729682922363281e-01
9.670269489288330078e-02
1.561865210533142090e+00
4.045070409774780273e-01
7.414125204086303711e-01
7.599443197250366211e-01
4.638019204139709473e-01
-6.110134720802307129e-01
-3.143990337848663330e-01
-1.803700923919677734e-01
-1.177039861679077148e+00
-1.015033364295959473e+00
2.312258720397949219e+00
-1.901855766773223877e-01
7.117317318916320801e-01
1.356511831283569336e+00
-3.310715854167938232e-01
-3.743010163307189941e-01
-3.975893855094909668e-01
-4.088441431522369385e-01
-6.152032613754272461e-01
7.562187314033508301e-01
4.876198470592498779e-01
3.595086038112640381e-01
0.000000000000000000e+00
0.000000000000000000e+00
0.000000000000000000e+00
0.000000000000000000e+00
0.000000000000000000e+00
0.000000000000000000e+00
0.000000000000000000e+00
0.000000000000000000e+00
0.000000000000000000e+00
0.000000000000000000e+00
0.000000000000000000e+00
0.000000000000000000e+00
0.000000000000000000e+00
0.000000000000000000e+00
0.000000000000000000e+00
0.000000000000000000e+00
0.000000000000000000e+00
0.000000000000000000e+00
