-1.951373815536499023e-01
1.031329154968261719e+00
-3.043195307254791260e-01
-6.532559990882873535e-01
6.240445375442504883e-01
-2.715881764888763428e-01
1.690191626548767090e-01
8.211778402328491211e-01
2.898252308368682861e-01
7.836468219757080078e-01
-3.814296424388885498e-01
-7.450171709060668945e-01
-6.133053898811340332e-01
4.394857585430145264e-01
6.450837254524230957e-01
-4.073615670204162598e-01
7.168732881546020508e-01
8.401338756084442139e-02
1.931247115135192871e-01
-7.285587191581726074e-01
4.321117699146270752e-01
4.155288264155387878e-02
3.783477544784545898e-01
-1.051010608673095703e+00
4.882729947566986084e-01
9.017785638570785522e-02
-5.863818526268005371e-02
3.168372511863708496e-01
2.056971341371536255e-01
-6.223776936531066895e-01
1.117916107177734375e+00
2.794384397566318512e-02
7.270082831382751465e-01
-7.353753447532653809e-01
6.224272847175598145e-01
2.113512456417083740e-01
1.604181826114654541e-01
-1.025210857391357422e+00
3.026955366134643555e+00
-1.381902098655700684e-01
2.432871609926223755e-02
7.699950933456420898e-01
4.841279238462448120e-03
8.274768292903900146e-02
6.404035687446594238e-01
-4.143580496311187744e-01
5.667459368705749512e-01
-4.007104933261871338e-01
7.001582980155944824e-01
4.749246537685394287e-01
2.814256429672241211e+00
-7.534312456846237183e-02
3.339267373085021973e-01
2.289541363716125488e-01
3.266000747680664062e-02
-9.656800031661987305e-01
7.701663970947265625e-01
7.214108109474182129e-01
-3.454912006855010986e-01
-2.741124033927917480e-01
2.083745598793029785e-01
-4.102903008460998535e-01
2.928576767444610596e-01
-9.769527316093444824e-01
-2.470130100846290588e-02
-2.422370314598083496e-01
-9.831677377223968506e-02
-5.276867151260375977e-01
6.613410711288452148e-01
3.656247556209564209e-01
7.835444211959838867e-01
-4.993591010570526123e-01
4.120169207453727722e-02
2.748835384845733643e-01
1.165412068367004395e+00
6.178082227706909180e-01
-1.773964762687683105e-01
1.359142214059829712e-01
1.061589956283569336e+00
-7.099772691726684570e-01
5.771687030792236328e-01
1.424720138311386108e-01
5.193530321121215820e-01
-7.964683175086975098e-01
-3.477440774440765381e-01
-4.737344384193420410e-01
-1.024468541145324707e+00
-9.700869917869567871e-01
8.373227119445800781e-01
-7.995353937149047852e-01
2.477616220712661743e-01
1.434138536453247070e+00
-4.267885088920593262e-01
-2.864365577697753906e-01
-1.236928701400756836e+00
-4.450770914554595947e-01
-8.416169881820678711e-02
4.840531200170516968e-02
2.795086503028869629e-01
7.031506299972534180e-02
0.000000000000000000e+00
0.000000000000000000e+00
0.000000000000000000e+00
0.000000000000000000e+00
0.000000000000000000e+00
