2.849011421203613281e-01
1.310405611991882324e+00
-6.579794883728027344e-01
-7.675296664237976074e-01
6.199385523796081543e-01
-1.750569045543670654e-01
-7.279151678085327148e-01
8.294071555137634277e-01
4.228925406932830811e-01
2.330879688262939453e+00
-2.941440045833587646e-01
-1.803022921085357666e-01
-5.524061918258666992e-01
5.092834234237670898e-01
7.570341825485229492e-01
-4.558342099189758301e-01
1.079275608062744141e+00
1.868093460798263550e-01
-1.407961696386337280e-01
-9.588308930397033691e-01
8.396584391593933105e-01
-1.261619091033935547e+00
3.885207474231719971e-01
-7.358469963073730469e-01
-2.811937630176544189e-01
6.962345540523529053e-02
1.146105453372001648e-01
4.213212430477142334e-01
-8.335831165313720703e-01
-3.147271573543548584e-01
8.436565995216369629e-01
2.591318786144256592e-01
1.047165274620056152e+00
-1.158993363380432129e+00
1.148379325866699219e+00
3.165201544761657715e-01
4.970090985298156738e-01
-6.562656760215759277e-01
1.544530272483825684e+00
-2.691379189491271973e-02
-8.268874883651733398e-02
1.297228693962097168e+00
-6.297384854406118393e-03
1.695585101842880249e-01
2.083419635891914368e-02
-5.147144198417663574e-01
7.044367790222167969e-01
-4.146974682807922363e-01
7.163058519363403320e-01
1.078213691711425781e+00
3.051198959350585938e+00
9.168905019760131836e-01
6.634721159934997559e-01
2.583385109901428223e-01
3.421435952186584473e-01
-9.601876139640808105e-01
1.050120830535888672e+00
1.004114985466003418e+00
-5.184516310691833496e-01
-1.488343626260757446e-01
5.672239139676094055e-02
-3.294250965118408203e-01
8.852478861808776855e-02
3.877563476562500000e-01
-5.014220476150512695e-01
-1.505098938941955566e-01
-1.384166777133941650e-01
-6.944188475608825684e-01
5.189308524131774902e-01
3.121792376041412354e-01
3.372555673122406006e-01
-5.142114162445068359e-01
4.367649853229522705e-01
5.982598066329956055e-01
1.142404079437255859e+00
5.245885848999023438e-01
-4.038276672363281250e-01
1.604692935943603516e-01
1.573371887207031250e+00
1.434810608625411987e-01
8.362683057785034180e-01
8.365090489387512207e-01
4.404902458190917969e-01
-2.192170619964599609e+00
-5.647134184837341309e-01
-6.677761673927307129e-01
-1.065129518508911133e+00
-9.252171516418457031e-01
2.514114379882812500e+00
-8.688843846321105957e-01
5.864809751510620117e-01
1.252039790153503418e+00
-3.990782201290130615e-01
-2.717860937118530273e-01
-4.061303138732910156e-01
-1.438685506582260132e-01
-1.002984166145324707e+00
1.117132678627967834e-01
3.484222590923309326e-01
1.454647928476333618e-01
0.000000000000000000e+00
0.000000000000000000e+00
0.000000000000000000e+00
0.000000000000000000e+00
0.000000000000000000e+00
0.000000000000000000e+00
0.000000000000000000e+00
0.000000000000000000e+00
0.000000000000000000e+00
0.000000000000000000e+00
0.000000000000000000e+00
0.000000000000000000e+00
0.000000000000000000e+00
0.000000000000000000e+00
0.000000000000000000e+00
0.000000000000000000e+00
