-1.533358097076416016e-01
5.523550510406494141e-01
-5.874906182289123535e-01
-1.084182739257812500e+00
4.448592960834503174e-01
-1.799066066741943359e-01
9.441089630126953125e-01
8.412408828735351562e-01
2.248726636171340942e-01
6.900089979171752930e-01
-2.317478507757186890e-01
-5.730947256088256836e-01
-3.858686387538909912e-01
4.339305460453033447e-01
6.774178147315979004e-01
7.020491361618041992e-01
6.257280111312866211e-01
3.948996663093566895e-01
1.010105460882186890e-01
-8.754348158836364746e-01
2.934562563896179199e-01
-2.360321395099163055e-02
4.927111566066741943e-01
-9.112612605094909668e-01
2.673228085041046143e-01
1.510437726974487305e-01
6.257795542478561401e-02
3.184060156345367432e-01
8.604106307029724121e-02
-4.413239955902099609e-01
2.533486127853393555e+00
3.548128306865692139e-01
5.991234183311462402e-01
-2.118794769048690796e-01
1.148824930191040039e+00
1.319739073514938354e-01
1.655317395925521851e-01
-1.485260725021362305e-01
3.152080297470092773e+00
1.361203193664550781e-01
-9.241956472396850586e-02
6.663051247596740723e-01
8.457359857857227325e-03
-8.180383592844009399e-03
5.849222540855407715e-01
-3.322558999061584473e-01
6.877288818359375000e-01
-2.106070220470428467e-01
6.104885935783386230e-01
5.458608865737915039e-01
7.072780281305313110e-02
5.355613827705383301e-01
-1.473146319389343262e+00
6.957453489303588867e-02
-1.251595467329025269e-01
-1.803794741630554199e+00
6.180493831634521484e-01
5.913819670677185059e-01
-4.090318083763122559e-01
-2.500804364681243896e-01
1.398484557867050171e-01
-2.081449329853057861e-01
9.001591056585311890e-02
-4.393221810460090637e-02
-8.243912830948829651e-03
-1.485976204276084900e-02
1.740493928082287312e-03
-5.614063739776611328e-01
6.000818014144897461e-01
3.211967349052429199e-01
9.832580685615539551e-01
-4.581192135810852051e-01
1.125728935003280640e-01
6.518155336380004883e-01
1.444217413663864136e-01
2.099754810333251953e-01
-1.753777563571929932e-01
5.550743341445922852e-01
9.525286555290222168e-01
-1.608974337577819824e-01
8.262222409248352051e-01
-3.455070406198501587e-02
3.170308172702789307e-01
-7.048050165176391602e-01
-2.563778758049011230e-01
-3.135744035243988037e-01
-7.231821417808532715e-01
-9.221636652946472168e-01
7.403079867362976074e-01
-4.370529055595397949e-01
2.610448896884918213e-01
1.253898978233337402e+00
-2.066633254289627075e-01
-2.509523630142211914e-01
-1.480005145072937012e+00
-2.659531533718109131e-01
9.995391964912414551e-01
2.909276187419891357e-01
-3.988254815340042114e-03
2.404230833053588867e-01
0.000000000000000000e+00
0.000000000000000000e+00
0.000000000000000000e+00
0.000000000000000000e+00
0.000000000000000000e+00
0.000000000000000000e+00
