-3.727144598960876465e-01
-7.228820770978927612e-02
3.251798152923583984e-01
3.524866402149200439e-01
-5.106258392333984375e-01
1.185404956340789795e-01
2.830374717712402344e+00
-6.651011109352111816e-02
-3.005681633949279785e-01
1.897061020135879517e-01
7.396342158317565918e-01
1.120464801788330078e+00
-3.164150118827819824e-01
1.345663428306579590e+00
-2.253571301698684692e-01
-2.219947278499603271e-01
6.654214262962341309e-01
-1.257417649030685425e-01
-3.112559616565704346e-01
-1.195551007986068726e-01
5.390257835388183594e-01
9.178711175918579102e-01
7.908834815025329590e-01
-4.357001781463623047e-01
1.522699594497680664e+00
9.320739507675170898e-01
-5.554962158203125000e-01
-2.915152013301849365e-01
-3.455286026000976562e-01
6.845739483833312988e-01
6.052815914154052734e-01
1.095872998237609863e+00
-9.267026185989379883e-01
1.621751189231872559e-01
-3.225498497486114502e-01
8.332299590110778809e-01
3.934245109558105469e-01
7.397865653038024902e-01
-5.631124973297119141e-01
-7.210335731506347656e-01
-5.026765465736389160e-01
-2.661531925201416016e+00
8.216220140457153320e-01
-7.682161927223205566e-01
7.100840806961059570e-01
2.187462598085403442e-01
2.611465752124786377e-01
1.045454621315002441e+00
4.680215194821357727e-02
2.175572633743286133e+00
1.494700789451599121e+00
6.921718716621398926e-01
2.468653768301010132e-01
-1.000323176383972168e+00
-5.823640823364257812e-01
9.961897730827331543e-01
9.344335794448852539e-01
-2.228984832763671875e-01
3.398735523223876953e-01
2.153303474187850952e-02
2.138113260269165039e+00
1.488658785820007324e-01
-4.028483629226684570e-01
7.123346924781799316e-01
3.327093422412872314e-01
-6.415288448333740234e-01
-1.029739260673522949e+00
-3.474344611167907715e-01
-4.529961645603179932e-01
-1.651143431663513184e+00
4.870735108852386475e-02
2.427110970020294189e-01
4.043245911598205566e-01
-1.070230484008789062e+00
-8.437553048133850098e-01
1.421661615371704102e+00
2.846703529357910156e-01
6.377155184745788574e-01
-8.435103297233581543e-01
1.676722615957260132e-01
8.915354013442993164e-01
-1.925510019063949585e-01
-7.900116443634033203e-01
-7.010551691055297852e-01
7.832136750221252441e-01
-5.201153829693794250e-02
-4.122835397720336914e-01
-9.523071646690368652e-01
4.786318540573120117e-01
2.523095011711120605e-01
1.103020668029785156e+00
1.113690495491027832e+00
5.862631201744079590e-01
-1.032762408256530762e+00
-1.566245108842849731e-01
-5.374966859817504883e-01
4.656550884246826172e-01
-4.297992885112762451e-01
-1.009374022483825684e+00
8.919050693511962891e-01
0.000000000000000000e+00
0.000000000000000000e+00
0.000000000000000000e+00
0.000000000000000000e+00
0.000000000000000000e+00
0.000000000000000000e+00
0.000000000000000000e+00
0.000000000000000000e+00
0.000000000000000000e+00
0.000000000000000000e+00
0.000000000000000000e+00
0.000000000000000000e+00
0.000000000000000000e+00
0.000000000000000000e+00
0.000000000000000000e+00
0.000000000000000000e+00
