1.873982995748519897e-01
6.698096394538879395e-01
-7.327595353126525879e-01
-1.121049880981445312e+00
3.988766968250274658e-01
-1.402178704738616943e-01
4.709544479846954346e-01
9.053528308868408203e-01
3.949338197708129883e-01
8.159694671630859375e-01
-2.952759265899658203e-01
-6.674837470054626465e-01
-6.292961239814758301e-01
5.169959664344787598e-01
7.215289473533630371e-01
-4.134770631790161133e-01
7.610231041908264160e-01
7.125436067581176758e-01
1.653901487588882446e-01
-6.747056841850280762e-01
2.496466934680938721e-01
-4.840621054172515869e-01
5.786346793174743652e-01
-1.225318789482116699e+00
5.528249144554138184e-01
2.994409017264842987e-02
-3.281304538249969482e-01
3.094035089015960693e-01
-1.568112820386886597e-01
-4.444373846054077148e-01
-7.825725674629211426e-01
-8.051013201475143433e-02
7.028173208236694336e-01
7.504697889089584351e-02
8.980886936187744141e-01
4.804011583328247070e-01
-3.166212514042854309e-02
-7.199222445487976074e-01
3.884974718093872070e+00
2.619505524635314941e-01
-2.614167630672454834e-01
8.051181435585021973e-01
-1.298866569995880127e-01
3.963327705860137939e-01
5.257235094904899597e-02
-4.377378523349761963e-01
2.501766681671142578e-01
-2.482873052358627319e-01
7.273173332214355469e-01
2.573309242725372314e-01
4.252095222473144531e-01
-9.172215461730957031e-01
-2.077602386474609375e+00
9.000796675682067871e-01
1.519145071506500244e-01
2.827780485153198242e+00
7.798026800155639648e-01
7.333256006240844727e-01
-2.909365892410278320e-01
-1.477540582418441772e-01
3.367210552096366882e-02
-2.311834245920181274e-01
3.252639621496200562e-02
3.917421102523803711e-01
7.637757062911987305e-02
-3.468603193759918213e-01
-1.807722747325897217e-01
-6.686006784439086914e-01
7.190912365913391113e-01
3.440734744071960449e-01
1.336204886436462402e+00
-4.694913327693939209e-01
2.953998148441314697e-01
3.283782899379730225e-01
1.201455950736999512e+00
1.703772693872451782e-01
-1.408070206642150879e+00
1.513674855232238770e-01
1.067001700401306152e+00
1.672198921442031860e-01
7.559791207313537598e-01
5.810620188713073730e-01
3.529771566390991211e-01
-4.766732752323150635e-01
-3.940417468547821045e-01
-5.650371313095092773e-01
-8.520119190216064453e-01
-1.002788662910461426e+00
8.949310183525085449e-01
-7.201285958290100098e-01
2.391133606433868408e-01
1.536598086357116699e+00
-1.840123832225799561e-01
-3.823902606964111328e-01
-1.409308314323425293e+00
-2.978511154651641846e-02
-2.926397323608398438e-01
1.585764735937118530e-01
2.552846670150756836e-01
3.186930418014526367e-01
0.000000000000000000e+00
0.000000000000000000e+00
0.000000000000000000e+00
0.000000000000000000e+00
0.000000000000000000e+00
