-3.483487665653228760e-01
2.020490318536758423e-01
-4.886923134326934814e-01
-4.282933101058006287e-02
6.343250870704650879e-01
-6.493574976921081543e-01
-9.128493070602416992e-01
-2.933884263038635254e-01
6.360977292060852051e-01
1.045034050941467285e+00
-4.217558801174163818e-01
4.866061508655548096e-01
1.156654804944992065e-01
-4.650731086730957031e-01
-8.904849886894226074e-01
6.721517443656921387e-01
1.238105073571205139e-01
1.257819175720214844e+00
8.297959715127944946e-02
-6.126827597618103027e-01
6.269232034683227539e-01
5.714005827903747559e-01
8.980990201234817505e-02
-5.918613672256469727e-01
1.562604755163192749e-01
-5.909212827682495117e-01
-8.623619079589843750e-01
-2.094872593879699707e-01
2.754649519920349121e-01
5.804845690727233887e-01
-9.560101628303527832e-01
1.452651061117649078e-02
-4.173384606838226318e-01
2.244450151920318604e-01
6.098129972815513611e-02
1.721059441566467285e+00
4.620023667812347412e-01
-4.127905964851379395e-01
-5.683971643447875977e-01
4.135755598545074463e-01
2.739330381155014038e-02
7.218739986419677734e-01
1.955062299966812134e-01
8.687149286270141602e-01
4.533877372741699219e-01
6.392245888710021973e-01
2.178947180509567261e-01
-3.899606764316558838e-01
-1.320592164993286133e-01
-8.342750668525695801e-01
-2.811901569366455078e-01
4.434343874454498291e-01
-1.618394553661346436e-01
3.842349946498870850e-01
3.858675658702850342e-01
-1.454917490482330322e-01
6.216854453086853027e-01
-1.362370967864990234e+00
-5.681045055389404297e-01
-2.519771099090576172e+00
7.302984595298767090e-01
9.073719978332519531e-01
9.731876850128173828e-01
-7.100857496261596680e-01
-4.238734841346740723e-01
-5.140767097473144531e-01
-7.050946354866027832e-01
1.225263595581054688e+00
6.501725316047668457e-01
4.859697222709655762e-01
4.646512120962142944e-02
4.824317991733551025e-01
1.245866194367408752e-01
-1.348067373037338257e-01
-6.728700399398803711e-01
2.176202088594436646e-02
5.596090555191040039e-01
1.018270611763000488e+00
-3.643182516098022461e-01
-5.203189849853515625e-01
2.905489504337310791e-01
-9.446222186088562012e-01
-1.273775100708007812e-01
6.855924725532531738e-01
5.706327557563781738e-01
-2.881806492805480957e-01
-3.046602308750152588e-01
2.471292257308959961e+00
2.550688087940216064e-01
3.194811940193176270e-01
1.929058320820331573e-02
1.174037694931030273e+00
-6.988682746887207031e-01
1.709565967321395874e-01
3.703096210956573486e-01
5.894996523857116699e-01
-1.139891743659973145e-01
-4.475921690464019775e-01
-8.925271034240722656e-01
1.545593440532684326e-01
0.000000000000000000e+00
0.000000000000000000e+00
0.000000000000000000e+00
0.000000000000000000e+00
