-2.590381801128387451e-01
1.437115967273712158e-01
-3.712752461433410645e-01
-1.527495831251144409e-01
6.801704317331314087e-02
-4.560061693191528320e-01
-6.139963865280151367e-01
8.614470064640045166e-02
3.464182317256927490e-01
6.753996610641479492e-01
-5.371002554893493652e-01
6.389069557189941406e-01
-1.291761040687561035e+00
-1.730987280607223511e-01
-8.379369974136352539e-01
6.456748247146606445e-01
9.496567845344543457e-01
1.872268795967102051e+00
-3.065659850835800171e-02
-6.593430042266845703e-01
6.960448026657104492e-01
-8.897466659545898438e-01
-8.290433883666992188e-02
-4.610760807991027832e-01
4.942169785499572754e-02
-4.183475971221923828e-01
-7.253860831260681152e-01
-3.045220077037811279e-01
6.070229411125183105e-01
5.332843661308288574e-01
-1.040564656257629395e+00
1.886440515518188477e-01
-2.894082367420196533e-01
2.401050627231597900e-01
-2.503852844238281250e-01
5.509524345397949219e-01
3.828582763671875000e-01
-1.974523514509201050e-01
-7.560881972312927246e-01
1.688804179430007935e-01
2.498357743024826050e-01
6.414604187011718750e-01
6.987063288688659668e-01
3.904137909412384033e-01
4.237129092216491699e-01
6.802241802215576172e-01
1.909055858850479126e-01
-1.143997088074684143e-01
-8.401162028312683105e-01
-4.731369316577911377e-01
-6.406698226928710938e-01
1.184667348861694336e+00
-1.726195663213729858e-01
1.714663803577423096e-01
3.388998508453369141e-01
-8.648590445518493652e-01
6.390604972839355469e-01
-6.107244491577148438e-01
-9.190007448196411133e-01
-2.786499500274658203e+00
5.498590469360351562e-01
1.179318547248840332e+00
1.491960883140563965e+00
-7.382760047912597656e-01
-4.171144366264343262e-01
-3.330385684967041016e-01
-4.457288086414337158e-01
1.489009976387023926e+00
6.706750988960266113e-01
3.508800864219665527e-01
2.290069460868835449e-01
6.671275496482849121e-01
1.793123185634613037e-01
-2.610186040401458740e-01
1.781677603721618652e+00
-1.844702102243900299e-02
5.177763104438781738e-01
1.041279435157775879e+00
-6.017212271690368652e-01
-5.455947518348693848e-01
3.586296439170837402e-01
-9.134602546691894531e-01
-1.048856899142265320e-01
6.873563528060913086e-01
4.363383650779724121e-01
-1.662261337041854858e-01
-3.177258074283599854e-01
1.323542237281799316e+00
3.999325931072235107e-01
5.248093008995056152e-01
-1.964826285839080811e-01
-1.283916592597961426e+00
-8.172501325607299805e-01
8.379111438989639282e-02
4.644885361194610596e-01
6.189733743667602539e-01
-2.228350937366485596e-02
-6.127017736434936523e-01
-1.912912353873252869e-02
4.772441983222961426e-01
0.000000000000000000e+00
0.000000000000000000e+00
0.000000000000000000e+00
0.000000000000000000e+00
0.000000000000000000e+00
