-4.225444048643112183e-02
9.268115162849426270e-01
-5.160803198814392090e-01
-1.036285638809204102e+00
5.922586917877197266e-01
-2.724037766456604004e-01
-3.242433667182922363e-01
5.907754302024841309e-01
2.952867746353149414e-01
1.713631510734558105e+00
-3.128249943256378174e-01
-5.336534380912780762e-01
-5.648469328880310059e-01
7.005649805068969727e-01
6.179409623146057129e-01
-5.549225807189941406e-01
8.735922574996948242e-01
1.859316676855087280e-01
-3.090132176876068115e-01
-8.891264796257019043e-01
3.179046511650085449e-01
-1.301724910736083984e-01
6.623225808143615723e-01
-6.089476943016052246e-01
5.112132430076599121e-01
3.571195602416992188e-01
1.796518564224243164e-01
1.967584788799285889e-01
3.225716948509216309e-01
-4.611892700195312500e-01
7.603859305381774902e-01
-4.247032701969146729e-01
8.866659998893737793e-01
-1.137462019920349121e+00
9.365047216415405273e-01
3.771903812885284424e-01
3.565633594989776611e-01
-2.299442291259765625e-01
1.463771820068359375e+00
3.302009031176567078e-02
1.143213137984275818e-01
1.096691966056823730e+00
2.292203530669212341e-02
1.036987826228141785e-01
-1.569345826283097267e-03
-5.590962171554565430e-01
3.744447529315948486e-01
-2.481938302516937256e-01
1.115197539329528809e+00
5.761377811431884766e-01
3.507149219512939453e-01
5.563514828681945801e-01
-1.323144674301147461e+00
-2.007067650556564331e-01
2.320051640272140503e-01
-9.938354492187500000e-01
1.921284317970275879e+00
1.139181494712829590e+00
-4.092049002647399902e-01
5.603212714195251465e-01
-1.291002612560987473e-02
-4.240244925022125244e-01
3.404708206653594971e-02
1.116170883178710938e+00
-5.509778857231140137e-02
2.241831570863723755e-01
-4.009471237659454346e-01
-7.928449511528015137e-01
5.420393943786621094e-01
3.709737062454223633e-01
-1.132580339908599854e-01
-4.570849239826202393e-01
5.107936859130859375e-01
-1.094037890434265137e+00
-6.743495166301727295e-02
3.373972773551940918e-01
-1.269562244415283203e-01
4.224711358547210693e-01
1.549465417861938477e+00
6.959832906723022461e-01
7.021754980087280273e-01
9.038131833076477051e-01
4.900639951229095459e-01
-2.231444120407104492e+00
-3.480322360992431641e-01
-4.650323092937469482e-01
-1.155150532722473145e+00
-1.112318515777587891e+00
1.174523472785949707e+00
-6.894432306289672852e-01
4.275261759757995605e-01
9.063144326210021973e-01
-2.112912684679031372e-01
-3.685800731182098389e-02
-1.197641253471374512e+00
-3.295653760433197021e-01
-4.339667856693267822e-01
3.331157863140106201e-01
3.856301605701446533e-01
3.094282150268554688e-01
0.000000000000000000e+00
0.000000000000000000e+00
0.000000000000000000e+00
0.000000000000000000e+00
0.000000000000000000e+00
0.000000000000000000e+00
0.000000000000000000e+00
0.000000000000000000e+00
0.000000000000000000e+00
0.000000000000000000e+00
0.000000000000000000e+00
0.000000000000000000e+00
0.000000000000000000e+00
0.000000000000000000e+00
0.000000000000000000e+00
0.000000000000000000e+00
0.000000000000000000e+00
