3.059141933917999268e-01
6.381753087043762207e-01
-1.487815022468566895e+00
-1.084534168243408203e+00
7.921649813652038574e-01
-2.560756504535675049e-01
-6.337878704071044922e-01
9.701655507087707520e-01
3.533149957656860352e-01
1.304216861724853516e+00
-3.409884572029113770e-01
-3.842395246028900146e-01
-5.215508937835693359e-01
7.190819978713989258e-01
8.487750291824340820e-01
-6.513981223106384277e-01
1.199522256851196289e+00
4.317899346351623535e-01
3.495424985885620117e-02
-1.103491067886352539e+00
2.316123098134994507e-01
-8.759346604347229004e-01
3.338913023471832275e-01
-7.283350825309753418e-01
4.418209195137023926e-01
3.134296834468841553e-01
1.652495712041854858e-01
4.020330607891082764e-01
8.540110290050506592e-02
-4.875053763389587402e-01
2.765278577804565430e+00
5.481610894203186035e-01
7.437508702278137207e-01
-2.084092140197753906e+00
9.558534622192382812e-01
1.366279423236846924e-01
5.414113402366638184e-01
-2.455897480249404907e-01
1.497766613960266113e+00
8.076947927474975586e-02
1.420515179634094238e-01
2.352660894393920898e+00
-3.808706626296043396e-02
1.499516218900680542e-01
7.643973231315612793e-01
-4.504478275775909424e-01
5.608293414115905762e-01
-5.276837944984436035e-01
9.562065005302429199e-01
5.602464675903320312e-01
3.124098479747772217e-01
9.345842003822326660e-01
2.065895795822143555e-01
5.170065164566040039e-01
-6.676393747329711914e-02
-1.009011149406433105e+00
1.320063114166259766e+00
9.564211964607238770e-01
-6.298280358314514160e-01
-2.164195328950881958e-01
3.551888763904571533e-01
-4.276708364486694336e-01
7.806330174207687378e-02
4.546583890914916992e-01
-5.459924936294555664e-01
-1.130100861191749573e-01
6.177582591772079468e-02
-1.187036037445068359e+00
1.106030941009521484e+00
4.816243946552276611e-01
8.304367959499359131e-02
-4.276023209095001221e-01
3.141125738620758057e-01
-8.942731469869613647e-02
1.150438070297241211e+00
5.241108536720275879e-01
-2.496831268072128296e-01
7.731350064277648926e-01
1.555626511573791504e+00
7.302116155624389648e-01
7.780798077583312988e-01
9.156981706619262695e-01
5.563138723373413086e-01
-9.509227871894836426e-01
-3.694478869438171387e-01
-3.274674415588378906e-01
-9.473078250885009766e-01
-9.051572680473327637e-01
2.649792909622192383e+00
-6.132537722587585449e-01
6.505753397941589355e-01
1.032158136367797852e+00
-5.840738415718078613e-01
-1.858336627483367920e-01
-1.170272707939147949e+00
-1.516988277435302734e-01
-1.000123381614685059e+00
4.317287206649780273e-01
5.339807271957397461e-01
2.353525012731552124e-01
0.000000000000000000e+00
0.000000000000000000e+00
0.000000000000000000e+00
0.000000000000000000e+00
0.000000000000000000e+00
0.000000000000000000e+00
0.000000000000000000e+00
0.000000000000000000e+00
0.000000000000000000e+00
0.000000000000000000e+00
0.000000000000000000e+00
0.000000000000000000e+00
0.000000000000000000e+00
0.000000000000000000e+00
0.000000000000000000e+00
0.000000000000000000e+00
0.000000000000000000e+00
0.000000000000000000e+00
