-3.078301995992660522e-02
1.347162842750549316e+00
-1.689124584197998047e+00
-1.056967258453369141e+00
9.858033061027526855e-01
-4.145494997501373291e-01
-4.439122378826141357e-01
9.219877719879150391e-01
4.230905771255493164e-01
2.697312355041503906e+00
-3.973064124584197998e-01
-3.244884312152862549e-01
-4.933278262615203857e-01
7.329506874084472656e-01
8.822591900825500488e-01
-4.396281242370605469e-01
1.054686546325683594e+00
1.231596469879150391e-01
7.506254315376281738e-01
-5.620371699333190918e-01
5.168315172195434570e-01
-2.389890551567077637e-01
5.187134742736816406e-01
-6.277552843093872070e-01
1.159806847572326660e+00
1.818895488977432251e-01
2.909685298800468445e-02
4.870930612087249756e-01
2.675802446901798248e-02
-4.001593589782714844e-01
1.877928733825683594e+00
1.019447110593318939e-02
1.330678343772888184e+00
-5.672857165336608887e-01
1.157642960548400879e+00
3.495434522628784180e-01
4.887689650058746338e-01
-3.543885946273803711e-01
1.562379837036132812e+00
2.443734407424926758e-01
4.517438411712646484e-01
1.139073848724365234e+00
5.236993543803691864e-03
1.458597332239151001e-01
1.491654962301254272e-01
-4.669503569602966309e-01
6.098568439483642578e-01
-4.025386869907379150e-01
8.594225049018859863e-01
9.547023773193359375e-01
-8.188740015029907227e-01
3.879366219043731689e-01
-1.215553879737854004e+00
-3.558092117309570312e-01
3.961069583892822266e-01
2.606991529464721680e-01
1.179159522056579590e+00
1.032833099365234375e+00
-7.559183835983276367e-01
-3.346893191337585449e-01
1.631532907485961914e-01
-4.477761089801788330e-01
2.802479565143585205e-01
6.902377605438232422e-01
-3.040627837181091309e-01
-4.980053603649139404e-01
-8.307518810033798218e-02
-7.906476259231567383e-01
5.922926068305969238e-01
4.661672711372375488e-01
3.832704126834869385e-01
-6.569887995719909668e-01
3.236732780933380127e-01
5.626257658004760742e-01
1.153474569320678711e+00
3.383530080318450928e-01
-3.783176839351654053e-01
1.369789242744445801e-01
1.629368066787719727e+00
3.911395743489265442e-02
7.021400928497314453e-01
7.740325331687927246e-01
5.390042662620544434e-01
-2.903982162475585938e+00
-4.418976306915283203e-01
-2.562909424304962158e-01
-1.154257535934448242e+00
-9.667948484420776367e-01
1.614250540733337402e+00
-8.929045200347900391e-01
6.000375151634216309e-01
1.058366060256958008e+00
-5.833738446235656738e-01
-4.002204835414886475e-01
-1.157303690910339355e+00
-1.853621006011962891e-01
-1.783542931079864502e-01
4.555985629558563232e-01
2.878672182559967041e-01
2.035857737064361572e-01
0.000000000000000000e+00
0.000000000000000000e+00
0.000000000000000000e+00
0.000000000000000000e+00
0.000000000000000000e+00
0.000000000000000000e+00
0.000000000000000000e+00
0.000000000000000000e+00
0.000000000000000000e+00
0.000000000000000000e+00
0.000000000000000000e+00
0.000000000000000000e+00
0.000000000000000000e+00
0.000000000000000000e+00
0.000000000000000000e+00
0.000000000000000000e+00
