-4.738381505012512207e-01
1.380942612886428833e-01
-4.606255888938903809e-01
3.021127544343471527e-02
-1.301212012767791748e-01
-7.861562371253967285e-01
-4.353525340557098389e-01
2.288105152547359467e-02
3.824060261249542236e-01
8.424606919288635254e-01
-5.378429293632507324e-01
7.993367910385131836e-01
1.369772195816040039e+00
-2.108980715274810791e-01
-3.790925741195678711e-01
2.702548801898956299e-01
1.590672433376312256e-01
1.373755455017089844e+00
-1.049793004989624023e+00
-6.350957751274108887e-01
8.584426641464233398e-01
3.668902814388275146e-01
3.639616072177886963e-01
-4.178495407104492188e-01
8.251519873738288879e-03
-5.327536463737487793e-01
-8.484533429145812988e-01
-9.617331624031066895e-02
6.477782130241394043e-01
4.911287724971771240e-01
-1.090186834335327148e+00
4.309628903865814209e-02
-6.508262753486633301e-01
3.246448636054992676e-01
-6.734691560268402100e-02
1.772268056869506836e+00
4.798390865325927734e-01
4.768959805369377136e-02
-8.908190131187438965e-01
3.294126093387603760e-01
9.181783348321914673e-02
8.237821459770202637e-01
6.449221968650817871e-01
1.234550714492797852e+00
3.609899282455444336e-01
8.114737272262573242e-01
3.000320792198181152e-01
-3.719842731952667236e-01
-7.202799916267395020e-01
-5.130661129951477051e-01
-5.280474424362182617e-01
1.792965382337570190e-01
-3.825109824538230896e-02
2.535054683685302734e-01
1.594378501176834106e-01
-2.350221395492553711e+00
8.023198843002319336e-01
-1.590930372476577759e-01
-8.502424359321594238e-01
-2.494009733200073242e+00
3.720826804637908936e-01
-7.322353124618530273e-02
1.085300922393798828e+00
-9.094629883766174316e-01
-5.299041271209716797e-01
-4.920097887516021729e-01
-2.677024900913238525e-01
1.198004484176635742e+00
6.834953427314758301e-01
6.311834454536437988e-01
-1.908588223159313202e-02
8.297685384750366211e-01
2.382368594408035278e-01
-1.062336787581443787e-01
7.118560671806335449e-01
3.778483867645263672e-01
6.826130747795104980e-01
1.092503309249877930e+00
-7.944625616073608398e-01
-3.890771269798278809e-01
5.178751945495605469e-01
-9.132416844367980957e-01
-1.078568473458290100e-01
4.026893675327301025e-01
4.333893656730651855e-01
-4.944907128810882568e-01
-2.975512444972991943e-01
-5.652928948402404785e-01
6.219425797462463379e-01
8.196181654930114746e-01
3.270742297172546387e-02
1.319133520126342773e+00
-3.664115667343139648e-01
3.772505000233650208e-02
5.027581453323364258e-01
7.256397604942321777e-01
-9.436490386724472046e-02
-5.615395307540893555e-01
7.201610803604125977e-01
2.399062365293502808e-01
0.000000000000000000e+00
0.000000000000000000e+00
0.000000000000000000e+00
0.000000000000000000e+00
0.000000000000000000e+00
0.000000000000000000e+00
