-5.027055740356445312e-01
3.051595091819763184e-01
-3.688826560974121094e-01
-7.367534190416336060e-02
-6.113061308860778809e-02
-5.598178505897521973e-01
-6.043368577957153320e-01
-5.468010902404785156e-02
3.420444726943969727e-01
7.911449074745178223e-01
-8.577275276184082031e-01
6.876584291458129883e-01
5.618845671415328979e-02
-3.232864141464233398e-01
-4.467623829841613770e-01
7.273221611976623535e-01
3.732226192951202393e-01
2.480651378631591797e+00
-6.117278933525085449e-01
-6.127737164497375488e-01
7.639214992523193359e-01
5.799224376678466797e-01
3.189211189746856689e-01
-4.221117198467254639e-01
-2.752879448235034943e-02
-3.955568671226501465e-01
-1.214667201042175293e+00
-1.470791995525360107e-01
5.682484507560729980e-01
4.494181871414184570e-01
-9.780004024505615234e-01
2.595598436892032623e-02
-5.100336670875549316e-01
3.100567460060119629e-01
-1.085278168320655823e-01
7.429268956184387207e-01
-2.302685081958770752e-01
1.962902545928955078e-01
-7.829947471618652344e-01
4.833494722843170166e-01
7.489123940467834473e-02
8.435046076774597168e-01
6.784799695014953613e-01
1.246355056762695312e+00
2.780937552452087402e-01
6.858351230621337891e-01
1.121156942099332809e-02
-4.032982587814331055e-01
-7.387588024139404297e-01
-6.912438869476318359e-01
-6.581768393516540527e-02
2.637515366077423096e-01
-2.105984091758728027e-01
2.376994639635086060e-01
2.963458001613616943e-01
-7.318504899740219116e-02
6.509166359901428223e-01
5.219672322273254395e-01
-5.047457218170166016e-01
-1.350530505180358887e+00
8.328365683555603027e-01
1.087709903717041016e+00
1.056281447410583496e+00
-8.141354918479919434e-01
-4.839528501033782959e-01
-4.639905989170074463e-01
-4.890377819538116455e-01
1.219635844230651855e+00
7.094282507896423340e-01
1.313429176807403564e-01
1.198102831840515137e-01
4.557447433471679688e-01
2.625428736209869385e-01
-2.660715281963348389e-01
1.647676110267639160e+00
-1.376186460256576538e-01
8.789983987808227539e-01
1.077683687210083008e+00
-7.069936394691467285e-01
-4.943665564060211182e-01
3.423218727111816406e-01
-9.405904412269592285e-01
-2.546807527542114258e-01
4.878250062465667725e-01
7.084052562713623047e-01
-2.605709731578826904e-01
-5.014110803604125977e-01
-6.751049160957336426e-01
3.321847915649414062e-01
5.972201824188232422e-01
5.626996234059333801e-02
-1.412173748016357422e+00
-8.129464387893676758e-01
2.615258097648620605e-01
5.818111896514892578e-01
6.283736824989318848e-01
-1.673356443643569946e-01
-5.615219473838806152e-01
2.393347501754760742e+00
1.206938177347183228e-01
0.000000000000000000e+00
0.000000000000000000e+00
0.000000000000000000e+00
0.000000000000000000e+00
0.000000000000000000e+00
