-6.753578037023544312e-02
4.161176085472106934e-02
6.011960506439208984e-01
7.708487510681152344e-01
1.745788566768169403e-02
7.156078219413757324e-01
-1.646563887596130371e+00
-4.514487981796264648e-01
2.939316928386688232e-01
-3.045369982719421387e-01
-5.609256625175476074e-01
-8.549551367759704590e-01
1.378007829189300537e-01
3.029567934572696686e-02
-2.091315835714340210e-01
-4.741640388965606689e-01
-6.120294332504272461e-01
-1.753307580947875977e-01
-2.371114939451217651e-01
7.168133258819580078e-01
4.305867850780487061e-01
7.961692214012145996e-01
-1.178529858589172363e+00
-3.313955962657928467e-01
2.948693990707397461e+00
-4.120970070362091064e-01
6.663050055503845215e-01
-4.039131104946136475e-01
-4.902381598949432373e-01
4.266639053821563721e-01
-1.405226737260818481e-01
-1.312367916107177734e+00
6.495124101638793945e-01
2.910945713520050049e-01
-3.898372650146484375e-01
-3.998587727546691895e-01
-3.081760406494140625e-01
3.608677089214324951e-01
1.052026867866516113e+00
1.681717038154602051e-01
-3.845794200897216797e-01
3.098034858703613281e-01
1.263864755630493164e+00
-3.172936439514160156e-01
4.682962596416473389e-01
9.028349518775939941e-01
7.864297628402709961e-01
-2.516350448131561279e-01
6.882330179214477539e-01
7.291699051856994629e-01
3.249876499176025391e-01
-2.608328342437744141e+00
5.804856419563293457e-01
-9.608212709426879883e-01
-6.146488785743713379e-01
9.473257064819335938e-01
7.589173316955566406e-01
-8.555016517639160156e-01
3.132609724998474121e-01
-2.429977953433990479e-01
8.290885090827941895e-01
-1.329335808753967285e+00
6.882596611976623535e-01
-1.379234790802001953e+00
-2.217725068330764771e-01
5.647658109664916992e-01
-6.850869059562683105e-01
1.345701694488525391e+00
3.716365098953247070e-01
2.481744736433029175e-01
-1.292086392641067505e-01
-9.133846163749694824e-01
6.599094271659851074e-01
3.680519759654998779e-01
-8.754622936248779297e-01
5.620567798614501953e-01
-7.174360007047653198e-02
1.093463778495788574e+00
2.964235544204711914e-01
-2.939589619636535645e-01
-5.160934925079345703e-01
-4.335506856441497803e-01
1.549672186374664307e-01
1.245844960212707520e+00
-4.805651307106018066e-01
3.676703274250030518e-01
-1.752540916204452515e-01
-1.096169725060462952e-01
2.771286666393280029e-01
-8.388277292251586914e-01
2.798003889620304108e-02
8.585557937622070312e-01
-4.518834650516510010e-01
1.131306529045104980e+00
-5.969790220260620117e-01
-8.692093193531036377e-03
1.679044812917709351e-01
-1.045501679182052612e-01
-5.982975959777832031e-01
-1.363622188568115234e+00
0.000000000000000000e+00
0.000000000000000000e+00
0.000000000000000000e+00
0.000000000000000000e+00
0.000000000000000000e+00
