-3.882551193237304688e-01
2.794476151466369629e-01
-1.622727811336517334e-01
-2.079043984413146973e-01
2.522232830524444580e-01
-3.826447427272796631e-01
-3.087850809097290039e-01
-3.303313851356506348e-01
6.945436000823974609e-01
5.348073840141296387e-01
-7.686493396759033203e-01
6.271724104881286621e-01
1.331177592277526855e+00
-6.076852083206176758e-01
-8.210459947586059570e-01
1.914502680301666260e-01
4.503350704908370972e-02
2.797815084457397461e+00
-8.730806708335876465e-01
-5.968183875083923340e-01
6.869055032730102539e-01
-5.272172093391418457e-01
6.892208755016326904e-02
-5.994515419006347656e-01
-6.652607768774032593e-02
-5.004778504371643066e-01
-9.010300636291503906e-01
-7.047271132469177246e-01
-8.752351999282836914e-02
5.550215244293212891e-01
-9.989918470382690430e-01
-4.967601597309112549e-02
-5.707272887229919434e-01
2.735437750816345215e-01
-8.100941777229309082e-03
1.087750792503356934e+00
5.567423701286315918e-01
4.958031326532363892e-02
-6.802271008491516113e-01
3.865209817886352539e-01
8.353295922279357910e-02
8.235197067260742188e-01
9.206731915473937988e-01
1.150353074073791504e+00
1.949184536933898926e-01
6.873921751976013184e-01
2.801106572151184082e-01
-2.822474241256713867e-01
-1.123228311538696289e+00
-6.757472753524780273e-01
-6.279402971267700195e-01
4.986536875367164612e-02
-1.140366569161415100e-01
1.730470359325408936e-01
5.267231464385986328e-01
6.359938979148864746e-01
6.851889491081237793e-01
5.761113762855529785e-01
-3.964392244815826416e-01
-3.123724758625030518e-01
5.789082050323486328e-01
-5.978308618068695068e-02
9.372370243072509766e-01
-7.369467020034790039e-01
-4.948657155036926270e-01
-3.896554410457611084e-01
-3.681866824626922607e-01
1.448354482650756836e+00
6.775285005569458008e-01
3.388990461826324463e-01
-1.682147681713104248e-01
8.791320919990539551e-01
1.985634416341781616e-01
-2.008479237556457520e-01
-4.141745269298553467e-01
8.747900724411010742e-01
7.022344470024108887e-01
5.972984433174133301e-01
-3.696533441543579102e-01
-3.704747259616851807e-01
2.936743497848510742e-01
-7.825088500976562500e-01
5.010777115821838379e-01
6.640148162841796875e-01
6.859803199768066406e-01
-4.284546077251434326e-01
-4.916638135910034180e-01
6.223498657345771790e-02
5.115097761154174805e-01
3.762272000312805176e-01
2.082427889108657837e-01
-1.938590407371520996e+00
-8.281472921371459961e-01
9.046074748039245605e-02
4.940449595451354980e-01
6.927512884140014648e-01
-7.399342209100723267e-02
-3.550108894705772400e-02
2.189033776521682739e-01
3.535529673099517822e-01
0.000000000000000000e+00
0.000000000000000000e+00
0.000000000000000000e+00
0.000000000000000000e+00
0.000000000000000000e+00
