-1.523617506027221680e-01
-8.697794377803802490e-02
4.890443384647369385e-01
3.984491527080535889e-01
-4.971152544021606445e-01
-7.705947011709213257e-02
4.897368848323822021e-01
2.141200602054595947e-01
-1.222933828830718994e-01
1.409640163183212280e-01
8.623251318931579590e-01
9.471225738525390625e-01
-3.149397075176239014e-01
1.524747729301452637e+00
-1.940972544252872467e-02
-2.329173237085342407e-01
3.312736451625823975e-01
-1.150512695312500000e-01
-9.925757646560668945e-01
-8.990855515003204346e-02
3.738256990909576416e-01
9.403032064437866211e-01
8.199138045310974121e-01
-8.603420853614807129e-01
1.026547312736511230e+00
7.416120767593383789e-01
9.773471206426620483e-02
-2.635214626789093018e-01
-1.651456236839294434e+00
3.251130878925323486e-01
4.067266285419464111e-01
1.128481388092041016e+00
-8.992295265197753906e-01
3.632145822048187256e-01
-2.596591711044311523e-01
1.926204919815063477e+00
2.665760815143585205e-01
8.105254173278808594e-01
-5.179730653762817383e-01
-6.849253177642822266e-01
-8.590992689132690430e-01
-2.554203510284423828e+00
7.627741694450378418e-01
-1.040613651275634766e+00
5.477079153060913086e-01
2.586469948291778564e-01
4.142126441001892090e-01
8.749333024024963379e-01
4.102649167180061340e-02
1.256113886833190918e+00
1.631897091865539551e+00
6.533702015876770020e-01
6.255394220352172852e-01
-2.648348808288574219e-01
-4.827983975410461426e-01
1.594410389661788940e-01
9.776392579078674316e-01
-1.997310817241668701e-01
2.930439412593841553e-01
-3.118540719151496887e-02
1.728819370269775391e+00
6.313136816024780273e-01
-4.079098105430603027e-01
6.874243021011352539e-01
5.314046740531921387e-01
-5.610055327415466309e-01
-3.430203199386596680e-01
-2.734815180301666260e-01
-4.867903590202331543e-01
-1.628929138183593750e+00
2.126707583665847778e-01
-1.051524400711059570e+00
7.093133330345153809e-01
-7.678893208503723145e-01
-8.844022154808044434e-01
6.087183356285095215e-01
4.374349117279052734e-02
5.707529187202453613e-01
-7.385696172714233398e-01
4.616762697696685791e-01
1.000348687171936035e+00
-5.451125502586364746e-01
-3.350057899951934814e-01
-6.078470945358276367e-01
5.881918668746948242e-01
1.126661419868469238e+00
-4.586075246334075928e-01
-9.904717803001403809e-01
6.129891872406005859e-01
3.062158226966857910e-01
6.910183429718017578e-01
-3.829486370086669922e-01
1.072259426116943359e+00
-9.719519019126892090e-01
2.270799875259399414e-02
-8.320105075836181641e-01
3.211114406585693359e-01
-3.809231519699096680e-01
-1.119803905487060547e+00
2.543536186218261719e+00
0.000000000000000000e+00
0.000000000000000000e+00
0.000000000000000000e+00
0.000000000000000000e+00
0.000000000000000000e+00
0.000000000000000000e+00
0.000000000000000000e+00
0.000000000000000000e+00
0.000000000000000000e+00
0.000000000000000000e+00
0.000000000000000000e+00
0.000000000000000000e+00
0.000000000000000000e+00
0.000000000000000000e+00
0.000000000000000000e+00
