-1.040484666824340820e+00
3.454792499542236328e-01
-1.460450589656829834e-01
-9.801222477108240128e-04
-5.846816897392272949e-01
-3.452525138854980469e-01
-6.605116724967956543e-01
1.305066645145416260e-01
5.138465166091918945e-01
1.119601011276245117e+00
-5.625020861625671387e-01
5.522809624671936035e-01
4.278670549392700195e-01
-1.547752469778060913e-01
-5.919869542121887207e-01
2.086067199707031250e-01
7.531467825174331665e-02
1.426698565483093262e+00
-2.865439057350158691e-01
-6.399308443069458008e-01
5.247793793678283691e-01
6.771712303161621094e-01
2.820881009101867676e-01
-3.595417737960815430e-01
2.374608442187309265e-02
4.094949364662170410e-01
-1.113823890686035156e+00
-2.410241365432739258e-01
3.676187694072723389e-01
4.397718012332916260e-01
-9.445918798446655273e-01
-2.075602412223815918e-01
-3.697486519813537598e-01
6.013317108154296875e-01
3.049503266811370850e-02
6.836712360382080078e-01
1.197877824306488037e-01
-2.065930962562561035e-01
-4.705589711666107178e-01
3.425334990024566650e-01
7.584060542285442352e-03
6.497865915298461914e-01
8.198503255844116211e-01
1.188076734542846680e+00
2.783996760845184326e-01
5.092688798904418945e-01
1.739597767591476440e-01
-3.081383109092712402e-01
-8.123295307159423828e-01
-1.015244245529174805e+00
-6.623405218124389648e-02
3.974023759365081787e-01
-1.841694116592407227e-01
2.532516717910766602e-01
3.972077965736389160e-01
-2.508718252182006836e+00
4.887730181217193604e-01
-1.478595018386840820e+00
-9.185396432876586914e-01
-2.944922208786010742e+00
5.970208644866943359e-01
8.280642628669738770e-01
1.080589056015014648e+00
-5.882283449172973633e-01
-4.305055439472198486e-01
-4.963088929653167725e-01
-9.133521318435668945e-01
1.616724610328674316e+00
6.510360240936279297e-01
4.657041728496551514e-01
1.738685071468353271e-01
6.821364760398864746e-01
1.699087470769882202e-01
-1.693277209997177124e-01
9.309698343276977539e-01
9.883590936660766602e-01
6.374392509460449219e-01
3.446323573589324951e-01
-5.044980049133300781e-01
-2.893334925174713135e-01
2.640913426876068115e-01
-9.875557422637939453e-01
3.592177852988243103e-02
4.679128229618072510e-01
9.542165994644165039e-01
-1.968704164028167725e-01
-2.166741192340850830e-01
-5.976156592369079590e-01
3.383170366287231445e-01
8.170902729034423828e-01
-4.046222567558288574e-02
-1.331366539001464844e+00
-5.951192378997802734e-01
1.532832384109497070e-01
3.646919727325439453e-01
5.594350099563598633e-01
-5.020331963896751404e-02
-4.134084880352020264e-01
-3.624519109725952148e-01
9.861375391483306885e-02
0.000000000000000000e+00
0.000000000000000000e+00
0.000000000000000000e+00
0.000000000000000000e+00
0.000000000000000000e+00
