-9.077707529067993164e-01
-1.794289499521255493e-01
-2.230950295925140381e-01
1.008602619171142578e+00
-6.616124510765075684e-01
-2.772716760635375977e+00
3.371956050395965576e-01
-4.485011696815490723e-01
-5.519158244132995605e-01
-5.226916670799255371e-01
5.473107099533081055e-01
7.793751358985900879e-01
-2.664014995098114014e-01
-6.908033490180969238e-01
-3.406654298305511475e-01
-3.871208429336547852e-01
-7.387868762016296387e-01
4.224891364574432373e-01
6.726319193840026855e-01
-2.383097887039184570e+00
1.044434309005737305e+00
-6.701222658157348633e-01
6.075227856636047363e-01
7.783159017562866211e-01
7.742238044738769531e-01
1.674149990081787109e+00
-1.932089775800704956e-01
1.135644912719726562e+00
1.381936669349670410e-01
-8.230789750814437866e-02
-5.945130586624145508e-01
8.712084293365478516e-01
-4.793448373675346375e-02
1.299151301383972168e+00
-5.899181365966796875e-01
1.656046628952026367e+00
8.805883526802062988e-01
3.596493303775787354e-01
-5.755540728569030762e-01
1.525632590055465698e-01
-7.943958044052124023e-01
-2.349255084991455078e-01
6.835857033729553223e-01
9.287316203117370605e-01
-2.327007800340652466e-01
4.712230563163757324e-01
5.934028625488281250e-01
5.693696066737174988e-02
3.265678644180297852e+00
8.516185283660888672e-01
-3.384013175964355469e-01
-1.083826065063476562e+00
-1.576491951942443848e+00
1.390656381845474243e-01
-5.538634061813354492e-01
2.239053487777709961e+00
-9.678937792778015137e-01
2.162966579198837280e-01
5.043620467185974121e-01
-5.108404755592346191e-01
1.181066989898681641e+00
1.092059016227722168e+00
-3.514498472213745117e-01
-1.083049297332763672e+00
2.958471477031707764e-01
9.455725550651550293e-01
-2.987684011459350586e-01
9.395414590835571289e-01
-4.177059233188629150e-02
1.566138029098510742e+00
7.355175614356994629e-01
9.216142892837524414e-01
-3.634207248687744141e-01
-2.247653752565383911e-01
-5.880335569381713867e-01
-6.209058761596679688e-01
-6.456565856933593750e-01
6.105382442474365234e-01
9.321207404136657715e-01
-1.019516140222549438e-01
5.539345145225524902e-01
3.175750672817230225e-01
5.693897008895874023e-01
2.585034966468811035e-01
-6.771271228790283203e-01
-1.237429119646549225e-02
-7.544201612472534180e-01
2.907006256282329559e-02
7.940825223922729492e-01
8.480484485626220703e-01
-2.708168923854827881e-01
-2.043769121170043945e+00
5.789771080017089844e-01
-3.797615170478820801e-01
-7.439540028572082520e-01
-2.784222364425659180e-01
-9.719742834568023682e-02
-6.267330050468444824e-01
1.619493365287780762e+00
-6.931164860725402832e-02
0.000000000000000000e+00
0.000000000000000000e+00
0.000000000000000000e+00
0.000000000000000000e+00
0.000000000000000000e+00
0.000000000000000000e+00
0.000000000000000000e+00
0.000000000000000000e+00
0.000000000000000000e+00
0.000000000000000000e+00
0.000000000000000000e+00
0.000000000000000000e+00
0.000000000000000000e+00
0.000000000000000000e+00
0.000000000000000000e+00
