-5.179486274719238281e-01
7.437991499900817871e-01
-2.146580517292022705e-01
3.468053042888641357e-02
-4.435752332210540771e-01
-3.765821158885955811e-01
-5.925527811050415039e-01
6.794540584087371826e-02
4.355290234088897705e-01
1.009268403053283691e+00
-6.175900697708129883e-01
5.425461530685424805e-01
-1.049993038177490234e+00
-2.759382426738739014e-01
-5.604048967361450195e-01
2.368717938661575317e-01
3.176326155662536621e-01
2.581423759460449219e+00
7.334904745221138000e-03
-1.239898130297660828e-01
5.932559370994567871e-01
-7.143816947937011719e-01
-1.975483819842338562e-02
-4.118840098381042480e-01
3.677995502948760986e-02
-3.690179884433746338e-01
-1.091147303581237793e+00
-8.859005570411682129e-01
3.419409096240997314e-01
5.800774693489074707e-01
-9.594840407371520996e-01
-4.943403229117393494e-02
-3.945114016532897949e-01
2.181149572134017944e-01
-6.007561683654785156e-01
9.607238769531250000e-01
3.233813047409057617e-01
1.828271895647048950e-01
-5.887522101402282715e-01
1.985322237014770508e-01
2.764030098915100098e-01
6.711816787719726562e-01
9.709651470184326172e-01
8.339676260948181152e-01
4.479095935821533203e-01
5.876447558403015137e-01
2.913869917392730713e-01
-2.942461669445037842e-01
-6.037447452545166016e-01
-7.474959492683410645e-01
-8.519401550292968750e-01
3.442857861518859863e-01
-1.408069878816604614e-01
2.170225381851196289e-01
4.050161540508270264e-01
-5.237690210342407227e-01
5.290124416351318359e-01
-1.328644454479217529e-01
-8.458362817764282227e-01
-2.633368492126464844e+00
5.546166300773620605e-01
9.202395081520080566e-01
1.230225086212158203e+00
-6.623690724372863770e-01
-3.928186893463134766e-01
-3.888922035694122314e-01
-5.550220608711242676e-01
1.398999691009521484e+00
7.377343773841857910e-01
-4.908683300018310547e-01
2.143459618091583252e-01
1.189895272254943848e+00
2.222693860530853271e-01
-1.364599019289016724e-01
1.622612476348876953e+00
2.108545899391174316e-01
5.292574763298034668e-01
1.050625801086425781e+00
-5.118278264999389648e-01
-3.372347354888916016e-01
4.459105432033538818e-01
-8.494425415992736816e-01
-5.576678551733493805e-03
5.629982352256774902e-01
4.355709850788116455e-01
-2.193433791399002075e-01
-3.776478767395019531e-01
1.472015619277954102e+00
4.276576936244964600e-01
8.138498663902282715e-01
1.919750273227691650e-01
-1.151488542556762695e+00
-9.807939529418945312e-01
1.442735791206359863e-01
4.144912958145141602e-01
5.923053026199340820e-01
-1.261690258979797363e-01
-5.678325891494750977e-01
-9.894505739212036133e-01
4.421469569206237793e-01
0.000000000000000000e+00
0.000000000000000000e+00
0.000000000000000000e+00
0.000000000000000000e+00
0.000000000000000000e+00
