-4.658076763153076172e-01
1.621396839618682861e-01
-3.535089492797851562e-01
-2.135538309812545776e-02
1.770108938217163086e-01
-4.729329049587249756e-01
-7.911305427551269531e-01
5.242632701992988586e-02
4.290066361427307129e-01
9.789921641349792480e-01
-5.653034448623657227e-01
3.283673822879791260e-01
5.355558395385742188e-01
-7.392071485519409180e-01
-4.697338044643402100e-01
4.731768742203712463e-02
1.020305082201957703e-01
2.733309030532836914e+00
2.439941763877868652e-01
-6.675898432731628418e-01
6.114667654037475586e-01
1.942923367023468018e-01
2.328473329544067383e-01
-4.504859149456024170e-01
2.866181544959545135e-02
-3.401584923267364502e-01
-9.110642075538635254e-01
4.415145814418792725e-01
1.965598016977310181e-01
4.402726292610168457e-01
-9.525970220565795898e-01
2.625643610954284668e-01
-4.015865623950958252e-01
7.900834083557128906e-01
9.310475736856460571e-02
1.700116872787475586e+00
5.091750025749206543e-01
-4.821478575468063354e-02
-5.030496716499328613e-01
6.571712493896484375e-01
1.912478730082511902e-02
6.703116297721862793e-01
5.124122500419616699e-01
1.264695048332214355e+00
2.469417750835418701e-01
4.410790503025054932e-01
5.597578883171081543e-01
-1.638053953647613525e-01
-5.061813592910766602e-01
-6.047757267951965332e-01
-4.272012114524841309e-01
8.280705213546752930e-01
-2.542281746864318848e-01
1.259970515966415405e-01
3.600238263607025146e-01
-4.763387441635131836e-01
5.469841957092285156e-01
9.365251064300537109e-01
-3.558138906955718994e-01
-1.041200280189514160e+00
8.424705266952514648e-01
3.732791244983673096e-01
1.249186515808105469e+00
-5.686145424842834473e-01
-2.513992488384246826e-01
-3.730199933052062988e-01
-6.645203232765197754e-01
1.617278814315795898e+00
6.753101348876953125e-01
3.401530086994171143e-01
1.770345419645309448e-01
2.757539153099060059e-01
1.841146647930145264e-01
-3.527966886758804321e-02
-1.303826093673706055e+00
5.144231021404266357e-02
1.096752524375915527e+00
4.707775115966796875e-01
-4.119173884391784668e-01
-3.562196791172027588e-01
3.722243309020996094e-01
-4.398910403251647949e-01
9.246566891670227051e-02
1.505814641714096069e-01
5.167918205261230469e-01
-2.237735390663146973e-01
-2.541761100292205811e-01
2.606373786926269531e+00
3.000468015670776367e-01
7.912420630455017090e-01
6.934407353401184082e-02
1.491323828697204590e+00
-6.565284132957458496e-01
4.639890789985656738e-02
3.579997718334197998e-01
4.275821745395660400e-01
-2.602168321609497070e-01
-4.607871472835540771e-01
-5.521973967552185059e-02
2.348556518554687500e-01
0.000000000000000000e+00
0.000000000000000000e+00
0.000000000000000000e+00
0.000000000000000000e+00
