3.092477023601531982e-01
6.277306079864501953e-01
-1.062357425689697266e+00
-9.987504482269287109e-01
7.280189990997314453e-01
-3.678290247917175293e-01
-7.294113039970397949e-01
5.297623276710510254e-01
1.570729762315750122e-01
1.968758225440979004e+00
-3.676833510398864746e-01
-2.700976729393005371e-01
-4.347338974475860596e-01
9.024091362953186035e-01
8.828475475311279297e-01
-7.754408121109008789e-01
1.382997989654541016e+00
1.403744816780090332e-01
8.188487030565738678e-03
-8.479834794998168945e-01
3.705530762672424316e-01
-1.142590165138244629e+00
5.018913149833679199e-01
-6.529659628868103027e-01
3.508551418781280518e-01
5.318799521774053574e-03
2.189618349075317383e-01
1.966758817434310913e-01
-8.688131719827651978e-02
-6.189826130867004395e-01
-9.993282556533813477e-01
1.639289855957031250e-01
1.473805785179138184e+00
-5.588633418083190918e-01
1.042930006980895996e+00
3.188997209072113037e-01
8.178257942199707031e-01
-3.194811344146728516e-01
1.513331770896911621e+00
3.118670284748077393e-01
5.065268650650978088e-02
1.383710741996765137e+00
-6.583218276500701904e-02
1.294754594564437866e-01
1.271069943904876709e-01
-5.949447751045227051e-01
5.831685066223144531e-01
-3.947592377662658691e-01
2.393145561218261719e+00
7.594981789588928223e-01
3.109531402587890625e+00
9.275271296501159668e-01
1.862813979387283325e-01
-1.182962581515312195e-01
1.490474939346313477e-01
7.760128974914550781e-01
1.276759147644042969e+00
1.103727102279663086e+00
-5.557510256767272949e-01
-2.888431213796138763e-02
-1.014960035681724548e-01
-3.536500036716461182e-01
2.449626773595809937e-01
-3.382222056388854980e-01
-1.396417021751403809e-01
-1.581470072269439697e-01
-1.126485243439674377e-01
-8.602701425552368164e-01
8.809477686882019043e-01
3.810378015041351318e-01
2.411317229270935059e-01
-2.547064125537872314e-01
1.476222753524780273e+00
7.194868922233581543e-01
1.157782912254333496e+00
3.614473342895507812e-01
-2.888801395893096924e-01
1.757238805294036865e-01
1.606576919555664062e+00
-8.245077729225158691e-01
8.875344395637512207e-01
7.568815946578979492e-01
5.869718790054321289e-01
-3.837841153144836426e-01
-3.765483200550079346e-01
-3.409949839115142822e-01
-1.152336478233337402e+00
-1.014577984809875488e+00
2.522575378417968750e+00
-8.623571395874023438e-01
4.426663219928741455e-01
1.004907846450805664e+00
-4.485511779785156250e-01
-2.988113164901733398e-01
-4.096857309341430664e-01
-6.274803280830383301e-01
-9.909137487411499023e-01
2.930685132741928101e-02
3.263508379459381104e-01
2.741070985794067383e-01
0.000000000000000000e+00
0.000000000000000000e+00
0.000000000000000000e+00
0.000000000000000000e+00
0.000000000000000000e+00
0.000000000000000000e+00
0.000000000000000000e+00
0.000000000000000000e+00
0.000000000000000000e+00
0.000000000000000000e+00
0.000000000000000000e+00
0.000000000000000000e+00
0.000000000000000000e+00
0.000000000000000000e+00
0.000000000000000000e+00
0.000000000000000000e+00
0.000000000000000000e+00
