-6.196071505546569824e-01
7.244998216629028320e-02
-2.154204696416854858e-01
1.267910122871398926e+00
-8.282245397567749023e-01
-1.157469391822814941e+00
3.853203654289245605e-01
-1.340729832649230957e+00
-4.926346242427825928e-01
-4.349374473094940186e-01
5.623846054077148438e-01
7.627277970314025879e-01
-9.898522496223449707e-01
-4.851655364036560059e-01
-1.969541758298873901e-01
-4.927069246768951416e-01
-6.018238067626953125e-01
1.020618796348571777e+00
2.767375707626342773e+00
-1.005843997001647949e+00
9.181545376777648926e-01
-2.098300755023956299e-01
4.455499947071075439e-01
4.863637685775756836e-01
1.312300562858581543e-01
1.154929518699645996e+00
-2.906031906604766846e-01
-2.381052970886230469e-01
-1.528183221817016602e-01
-1.279137432575225830e-01
-2.093944400548934937e-01
8.811306357383728027e-01
9.817767143249511719e-02
7.592923641204833984e-01
-8.823411464691162109e-01
2.353754192590713501e-01
1.451447159051895142e-01
1.874170303344726562e-01
-3.940210044384002686e-01
1.494162797927856445e+00
-1.836438030004501343e-01
-1.722331494092941284e-01
1.481779217720031738e-01
1.175276398658752441e+00
9.625127315521240234e-01
1.145286679267883301e+00
6.255431175231933594e-01
4.394144117832183838e-01
1.112215638160705566e+00
7.904764413833618164e-01
-1.749227344989776611e-01
-7.467567324638366699e-01
-9.812554717063903809e-01
3.414028882980346680e-01
-7.475736141204833984e-01
9.861577749252319336e-01
-8.518053293228149414e-01
3.023801743984222412e-01
4.906745254993438721e-02
-5.797172784805297852e-01
2.964973151683807373e-01
3.164521157741546631e-01
-8.502671122550964355e-01
-1.473873734474182129e+00
-1.855309680104255676e-02
2.118169784545898438e+00
-1.402632892131805420e-01
4.316054582595825195e-01
-1.030168756842613220e-01
9.426023960113525391e-01
6.060732603073120117e-01
8.087387084960937500e-01
1.584825277328491211e+00
-8.562202751636505127e-02
-6.295536756515502930e-01
-6.131935715675354004e-01
-7.421654462814331055e-01
6.714410334825515747e-02
1.579333305358886719e+00
-3.537737429141998291e-01
4.316656589508056641e-01
3.255685269832611084e-01
5.397545695304870605e-01
1.281477212905883789e-01
-3.238158822059631348e-01
-1.344797313213348389e-01
-7.164846658706665039e-01
-1.423693150281906128e-01
7.301885485649108887e-01
6.858582496643066406e-01
-2.238083034753799438e-01
-1.021480441093444824e+00
9.221873283386230469e-01
-7.484001666307449341e-02
-7.526738643646240234e-01
-2.140559852123260498e-01
-7.103432901203632355e-03
-2.173614501953125000e-01
-1.529401659965515137e+00
1.053477644920349121e+00
0.000000000000000000e+00
0.000000000000000000e+00
0.000000000000000000e+00
0.000000000000000000e+00
0.000000000000000000e+00
0.000000000000000000e+00
