5.772716403007507324e-01
8.218245506286621094e-01
-2.230912685394287109e+00
-1.053188681602478027e+00
6.317809820175170898e-01
-2.864253818988800049e-01
-7.177183032035827637e-01
9.679199457168579102e-01
5.018941164016723633e-01
1.727883696556091309e+00
-4.197722077369689941e-01
-3.501876294612884521e-01
-9.470946192741394043e-01
7.775276899337768555e-01
8.710697293281555176e-01
-6.442968249320983887e-01
1.142895460128784180e+00
6.403989195823669434e-01
6.088499911129474640e-03
-8.180665969848632812e-01
3.678720891475677490e-01
-1.977461576461791992e-01
7.610905170440673828e-01
-9.309285879135131836e-01
9.156727790832519531e-01
9.619589895009994507e-02
-1.588371694087982178e-01
4.146843254566192627e-01
-3.957173228263854980e-02
-5.987882018089294434e-01
-9.986819028854370117e-01
-1.321047097444534302e-01
9.425972700119018555e-01
7.783766370266675949e-03
1.074101686477661133e+00
5.521050691604614258e-01
4.209882915019989014e-01
-5.775343775749206543e-01
1.686951041221618652e+00
3.915646970272064209e-01
-5.338662862777709961e-01
1.806886911392211914e+00
-5.034790933132171631e-02
4.367112219333648682e-01
9.118071198463439941e-02
-6.465648412704467773e-01
3.238206803798675537e-01
-3.682033121585845947e-01
8.550931215286254883e-01
3.344413936138153076e-01
8.962613344192504883e-01
8.456968069076538086e-01
-1.922695755958557129e+00
2.088552713394165039e-01
1.927603632211685181e-01
3.279420375823974609e+00
1.308783054351806641e+00
1.009604096412658691e+00
-4.187127053737640381e-01
-2.828789949417114258e-01
1.738691329956054688e-01
-3.629539012908935547e-01
1.101426333189010620e-01
5.158565640449523926e-01
-9.933662600815296173e-03
-3.429141044616699219e-01
-1.091974824666976929e-01
-7.585520744323730469e-01
1.016347169876098633e+00
3.798050284385681152e-01
6.702514886856079102e-01
-6.463359594345092773e-01
4.507686197757720947e-01
4.861825108528137207e-01
1.150306820869445801e+00
2.872020006179809570e-01
-1.491890668869018555e+00
3.671884164214134216e-02
1.566811442375183105e+00
1.311426237225532532e-02
8.012050390243530273e-01
7.982542514801025391e-01
4.824702441692352295e-01
-6.053077578544616699e-01
-4.589490890502929688e-01
-6.635340452194213867e-01
-1.140541315078735352e+00
-9.463732242584228516e-01
2.546955108642578125e+00
-7.154928445816040039e-01
3.595371842384338379e-01
1.176956176757812500e+00
-3.235081434249877930e-01
-4.963957071304321289e-01
-3.778929114341735840e-01
-1.480837613344192505e-01
-4.834710955619812012e-01
2.560317814350128174e-01
4.295069575309753418e-01
4.105424582958221436e-01
0.000000000000000000e+00
0.000000000000000000e+00
0.000000000000000000e+00
0.000000000000000000e+00
0.000000000000000000e+00
0.000000000000000000e+00
0.000000000000000000e+00
0.000000000000000000e+00
0.000000000000000000e+00
0.000000000000000000e+00
0.000000000000000000e+00
0.000000000000000000e+00
0.000000000000000000e+00
0.000000000000000000e+00
0.000000000000000000e+00
0.000000000000000000e+00
0.000000000000000000e+00
