-8.610194325447082520e-01
9.701477289199829102e-01
-1.151198372244834900e-01
1.262578845024108887e+00
-6.611110568046569824e-01
-6.001711487770080566e-01
4.291654229164123535e-01
-1.260612726211547852e+00
-2.337506599724292755e-02
-1.243882030248641968e-01
2.484142780303955078e-01
8.335848450660705566e-01
-4.719808399677276611e-01
-5.409284234046936035e-01
-4.200699925422668457e-01
-5.378071665763854980e-01
-6.337395310401916504e-01
1.172146439552307129e+00
2.810225248336791992e+00
-1.111243367195129395e+00
1.047304630279541016e+00
7.357936501502990723e-01
1.858992427587509155e-01
6.909059882164001465e-01
-2.876379787921905518e-01
1.134340763092041016e+00
-2.089266031980514526e-01
-3.476239144802093506e-01
2.641141712665557861e-01
-1.168975681066513062e-01
-3.629171550273895264e-01
8.984289169311523438e-01
-5.251749232411384583e-02
8.142799735069274902e-01
-1.348050832748413086e+00
-6.107339859008789062e-01
1.899882704019546509e-01
2.729880809783935547e-01
-3.914152085781097412e-01
8.661149144172668457e-01
-5.681795477867126465e-01
-7.321363687515258789e-01
8.008717894554138184e-01
1.239153146743774414e+00
7.350770831108093262e-01
6.099473834037780762e-01
5.771329998970031738e-01
8.899053186178207397e-02
1.261095166206359863e+00
7.643384337425231934e-01
-2.182244211435317993e-01
-8.231675624847412109e-01
-1.118048548698425293e+00
2.083596438169479370e-01
-3.474214375019073486e-01
1.137935876846313477e+00
-9.105675816535949707e-01
4.355975687503814697e-01
8.047401905059814453e-02
-7.897955179214477539e-01
-5.163270831108093262e-01
7.814512401819229126e-02
-1.200704947113990784e-01
-1.467790484428405762e+00
5.125228688120841980e-02
1.719131506979465485e-02
-1.659042537212371826e-01
5.633240938186645508e-01
-1.723646074533462524e-01
1.139841079711914062e+00
5.862059593200683594e-01
8.197320103645324707e-01
-3.911076188087463379e-01
-1.154569461941719055e-01
-1.342236399650573730e+00
-8.379540443420410156e-01
-1.494411230087280273e-01
7.631621956825256348e-01
4.385653436183929443e-01
-8.203296065330505371e-01
9.860367774963378906e-01
9.765408039093017578e-01
5.736339688301086426e-01
1.115866936743259430e-03
-6.238592863082885742e-01
-9.448103606700897217e-02
-4.891142845153808594e-01
-2.187682837247848511e-01
7.421528697013854980e-01
7.297332882881164551e-01
-2.191461622714996338e-01
-1.085782885551452637e+00
1.003998994827270508e+00
-1.973271667957305908e-01
-8.671092391014099121e-01
-5.712440609931945801e-01
-2.193706780672073364e-01
-4.135557413101196289e-01
3.082443714141845703e+00
9.781048297882080078e-01
0.000000000000000000e+00
0.000000000000000000e+00
0.000000000000000000e+00
0.000000000000000000e+00
