1.254596412181854248e-01
9.432126879692077637e-01
-6.757562160491943359e-01
-6.592078208923339844e-01
8.721498847007751465e-01
-2.953201830387115479e-01
-7.189514040946960449e-01
8.768532276153564453e-01
3.739611804485321045e-01
2.140804767608642578e+00
-4.309922754764556885e-01
-4.203083217144012451e-01
-9.646524786949157715e-01
7.584081888198852539e-01
8.590394258499145508e-01
-6.563184261322021484e-01
8.844769597053527832e-01
2.354404032230377197e-01
7.106508612632751465e-01
-8.525403738021850586e-01
4.691676199436187744e-01
3.608430922031402588e-02
5.541751980781555176e-01
-8.251367807388305664e-01
5.826385617256164551e-01
2.072780281305313110e-01
4.717000573873519897e-02
3.794021606445312500e-01
3.128709495067596436e-01
-6.217969655990600586e-01
7.360291481018066406e-01
-1.750647090375423431e-02
1.209629416465759277e+00
-9.338983893394470215e-01
1.061609506607055664e+00
3.277485668659210205e-01
3.522706329822540283e-01
-8.370461463928222656e-01
1.526110649108886719e+00
-1.487903743982315063e-01
-5.711222998797893524e-03
1.649495959281921387e+00
-2.086263149976730347e-02
1.949004828929901123e-01
7.818415164947509766e-01
-5.118132233619689941e-01
7.051093578338623047e-01
-4.484186172485351562e-01
1.057546257972717285e+00
6.718140840530395508e-01
3.227977991104125977e+00
5.588074680417776108e-03
4.216114878654479980e-01
1.696393638849258423e-01
1.119085177779197693e-01
-9.985973834991455078e-01
1.513890385627746582e+00
9.263324737548828125e-01
-4.421459734439849854e-01
-2.719137370586395264e-01
1.415100693702697754e-01
-5.452742576599121094e-01
3.458523154258728027e-01
-1.646936535835266113e-01
-7.690421491861343384e-02
-2.994097769260406494e-01
-1.845459789037704468e-01
-6.593872904777526855e-01
7.647399902343750000e-01
5.348131060600280762e-01
9.115728139877319336e-01
-7.244166135787963867e-01
1.571535170078277588e-01
4.257534146308898926e-01
1.156215667724609375e+00
6.400932669639587402e-01
-2.793509066104888916e-01
2.342227995395660400e-01
1.575962543487548828e+00
-6.785894036293029785e-01
6.819121241569519043e-01
9.449843317270278931e-02
5.527305603027343750e-01
-2.177113294601440430e+00
-4.583660960197448730e-01
-7.003118395805358887e-01
-1.108063817024230957e+00
-9.937462806701660156e-01
2.355673789978027344e+00
-9.290037751197814941e-01
2.904051840305328369e-01
1.124475240707397461e+00
-5.604766011238098145e-01
-4.097241759300231934e-01
-3.974194824695587158e-01
-6.999993324279785156e-01
-1.019966721534729004e+00
1.691458374261856079e-01
3.561893999576568604e-01
1.340898424386978149e-01
0.000000000000000000e+00
0.000000000000000000e+00
0.000000000000000000e+00
0.000000000000000000e+00
0.000000000000000000e+00
0.000000000000000000e+00
0.000000000000000000e+00
0.000000000000000000e+00
0.000000000000000000e+00
0.000000000000000000e+00
0.000000000000000000e+00
0.000000000000000000e+00
0.000000000000000000e+00
0.000000000000000000e+00
0.000000000000000000e+00
