1.760690659284591675e-01
7.970402240753173828e-01
-7.929111719131469727e-01
-1.130812525749206543e+00
1.103856801986694336e+00
-3.322954177856445312e-01
-7.070516347885131836e-01
8.529511690139770508e-01
2.959751784801483154e-01
2.271855115890502930e+00
-4.040008783340454102e-01
-3.376790583133697510e-01
-4.132708609104156494e-01
1.367757797241210938e+00
8.964444398880004883e-01
-8.847301602363586426e-01
8.728196024894714355e-01
5.465491414070129395e-01
-2.327174693346023560e-01
-8.373743891716003418e-01
3.640284836292266846e-01
-6.096374988555908203e-01
4.602437019348144531e-01
-6.644914150238037109e-01
5.516071915626525879e-01
4.429441094398498535e-01
5.943025648593902588e-02
5.523022413253784180e-01
5.255793333053588867e-01
-5.262554287910461426e-01
3.125684499740600586e+00
-7.259550094604492188e-01
9.991059899330139160e-01
-1.714482903480529785e-01
1.072839975357055664e+00
1.125954762101173401e-01
1.373503923416137695e+00
-3.828233182430267334e-01
1.471243143081665039e+00
5.532848238945007324e-01
-1.511252969503402710e-01
2.429001331329345703e+00
-1.206947863101959229e-02
9.449217468500137329e-02
6.621799468994140625e-01
-5.054441094398498535e-01
4.235762655735015869e-01
-2.430487573146820068e-01
6.440241336822509766e-01
7.224077582359313965e-01
-1.009841918945312500e+00
9.335026741027832031e-01
-1.163132935762405396e-01
1.474832415580749512e+00
1.317401882261037827e-02
1.542153358459472656e-01
1.447365403175354004e+00
1.043872833251953125e+00
-4.975725710391998291e-01
-3.933288156986236572e-01
8.784969151020050049e-02
-5.037193298339843750e-01
6.146749109029769897e-02
7.940054535865783691e-01
-4.054947495460510254e-01
-9.073905646800994873e-02
-2.962313890457153320e-01
-8.267346620559692383e-01
7.419158816337585449e-01
4.101617336273193359e-01
9.090801328420639038e-02
-7.266823053359985352e-01
1.711867451667785645e-01
4.914928078651428223e-01
1.160042047500610352e+00
3.037802278995513916e-01
-8.077867031097412109e-01
1.887720972299575806e-01
1.642383456230163574e+00
-2.248136252164840698e-01
9.075824618339538574e-01
3.178485631942749023e-01
4.439780414104461670e-01
-9.075430035591125488e-01
-3.578141331672668457e-01
-4.752539694309234619e-01
-8.031217455863952637e-01
-9.774640202522277832e-01
2.498950242996215820e+00
-8.219847679138183594e-01
4.795923233032226562e-01
1.152462840080261230e+00
-5.350844860076904297e-01
-2.055358290672302246e-01
-4.249849915504455566e-01
-2.513709366321563721e-01
-4.519714415073394775e-01
-1.027404785156250000e+00
2.606315612792968750e-01
2.438976168632507324e-01
0.000000000000000000e+00
0.000000000000000000e+00
0.000000000000000000e+00
0.000000000000000000e+00
0.000000000000000000e+00
0.000000000000000000e+00
0.000000000000000000e+00
0.000000000000000000e+00
0.000000000000000000e+00
0.000000000000000000e+00
0.000000000000000000e+00
0.000000000000000000e+00
0.000000000000000000e+00
0.000000000000000000e+00
0.000000000000000000e+00
0.000000000000000000e+00
