6.284073591232299805e-01
1.968000292778015137e+00
-2.145997524261474609e+00
-1.031448483467102051e+00
6.364703178405761719e-01
-2.873982191085815430e-01
-6.456936001777648926e-01
9.034959673881530762e-01
3.657809197902679443e-01
1.319760799407958984e+00
-3.837318420410156250e-01
-3.142137825489044189e-01
-4.128808081150054932e-01
6.312233805656433105e-01
8.106722235679626465e-01
1.096251249313354492e+00
8.621469140052795410e-01
-2.088820934295654297e-02
-3.188227415084838867e-01
-7.112801671028137207e-01
5.169571042060852051e-01
-1.332341194152832031e+00
5.446070432662963867e-01
-7.563270330429077148e-01
5.649464130401611328e-01
1.807441115379333496e-01
2.905435860157012939e-01
2.173246815800666809e-02
-1.072688847780227661e-01
-6.227349638938903809e-01
3.155351638793945312e+00
-2.658750712871551514e-01
8.060642480850219727e-01
-5.228362083435058594e-01
1.027042031288146973e+00
3.978334069252014160e-01
7.447964549064636230e-01
-3.211487829685211182e-01
1.551663875579833984e+00
2.177703380584716797e-01
-3.157538920640945435e-02
1.905386447906494141e+00
-2.694737724959850311e-02
1.428184360265731812e-01
2.110541313886642456e-01
-4.024417102336883545e-01
6.379578709602355957e-01
-2.684062719345092773e-01
8.804677128791809082e-01
7.140038609504699707e-01
3.354914188385009766e-01
9.027612805366516113e-01
5.592323541641235352e-01
3.717167377471923828e-01
5.573536753654479980e-01
-1.029931783676147461e+00
1.370488286018371582e+00
9.262053370475769043e-01
-3.081414699554443359e-01
-1.621250361204147339e-01
2.050663530826568604e-01
-3.687730729579925537e-01
-6.263564229011535645e-01
-3.230791985988616943e-01
-2.978354096412658691e-01
-7.882616668939590454e-02
-3.113177120685577393e-01
-1.065527200698852539e+00
9.495804309844970703e-01
5.963799953460693359e-01
1.719522774219512939e-01
-5.956833362579345703e-01
5.617641806602478027e-01
5.181838274002075195e-01
-8.911498636007308960e-02
4.394655227661132812e-01
-1.507959663867950439e-01
3.198350369930267334e-01
1.525215744972229004e+00
-3.669403493404388428e-01
8.605166673660278320e-01
8.767516613006591797e-01
4.663611948490142822e-01
-1.101925849914550781e+00
-4.934365153312683105e-01
1.407061368227005005e-01
-1.223623514175415039e+00
-8.139286637306213379e-01
2.403044939041137695e+00
-9.379320144653320312e-01
2.856338620185852051e-01
1.493334412574768066e+00
-4.384236931800842285e-01
-2.934858202934265137e-01
-4.079684615135192871e-01
-3.078328669071197510e-01
-9.838519692420959473e-01
1.488753408193588257e-01
2.258953303098678589e-01
4.930391907691955566e-01
0.000000000000000000e+00
0.000000000000000000e+00
0.000000000000000000e+00
0.000000000000000000e+00
0.000000000000000000e+00
0.000000000000000000e+00
0.000000000000000000e+00
0.000000000000000000e+00
0.000000000000000000e+00
0.000000000000000000e+00
0.000000000000000000e+00
0.000000000000000000e+00
0.000000000000000000e+00
0.000000000000000000e+00
0.000000000000000000e+00
0.000000000000000000e+00
0.000000000000000000e+00
