1.402160376310348511e-01
7.455557584762573242e-01
-1.821577191352844238e+00
-1.012270450592041016e+00
6.164454817771911621e-01
-2.821820974349975586e-01
-7.179371714591979980e-01
8.721070289611816406e-01
3.783954977989196777e-01
1.061668395996093750e+00
-3.838313519954681396e-01
-3.887305259704589844e-01
-7.529851794242858887e-01
6.642265319824218750e-01
9.300734996795654297e-01
-5.919361710548400879e-01
8.666364550590515137e-01
4.206388294696807861e-01
6.365494132041931152e-01
-5.294938087463378906e-01
3.851402699947357178e-01
3.062271475791931152e-01
5.491313934326171875e-01
-6.731520891189575195e-01
4.762766659259796143e-01
7.140138745307922363e-02
1.935256570577621460e-01
8.287582397460937500e-01
-1.281461417675018311e-01
-3.314359188079833984e-01
6.364547610282897949e-01
2.627156078815460205e-01
9.841749668121337891e-01
-4.172427058219909668e-01
1.163507103919982910e+00
2.918268442153930664e-01
2.458922624588012695e+00
-2.958579957485198975e-01
1.618856072425842285e+00
1.901701465249061584e-02
-2.604090273380279541e-01
1.250903248786926270e+00
-2.916253171861171722e-02
-1.003312841057777405e-01
-2.179029252147302032e-04
-4.529583454132080078e-01
3.628196716308593750e-01
-6.753057241439819336e-01
1.149544119834899902e+00
7.452782392501831055e-01
2.991587638854980469e+00
-1.852642893791198730e-01
3.397907316684722900e-02
-1.788216270506381989e-02
8.815087378025054932e-02
-1.015796780586242676e+00
1.218322396278381348e+00
1.150608539581298828e+00
-3.714425861835479736e-01
-2.569813430309295654e-01
8.259604126214981079e-02
-4.954921603202819824e-01
1.316747218370437622e-01
9.170710444450378418e-01
-3.401673436164855957e-01
1.378424644470214844e+00
-2.807989120483398438e-01
-6.382110118865966797e-01
1.002285480499267578e+00
3.719149231910705566e-01
3.041963279247283936e-01
-5.130109786987304688e-01
8.432266116142272949e-01
4.888402223587036133e-01
1.153707385063171387e+00
3.680442571640014648e-01
-2.879908084869384766e-01
2.859745919704437256e-01
1.569670915603637695e+00
1.249592471867799759e-02
9.643030166625976562e-01
7.440959215164184570e-01
3.268918097019195557e-01
-5.820680856704711914e-01
-4.118689596652984619e-01
-6.389607191085815430e-01
-1.148574233055114746e+00
-1.026987910270690918e+00
2.081293344497680664e+00
-9.370869398117065430e-01
3.730782270431518555e-01
9.200674295425415039e-01
-3.120814561843872070e-01
-2.550627291202545166e-01
-4.127293825149536133e-01
-7.744567990303039551e-01
-1.006519794464111328e+00
3.459806740283966064e-01
2.252151817083358765e-01
4.210091829299926758e-01
0.000000000000000000e+00
0.000000000000000000e+00
0.000000000000000000e+00
0.000000000000000000e+00
0.000000000000000000e+00
0.000000000000000000e+00
0.000000000000000000e+00
0.000000000000000000e+00
0.000000000000000000e+00
0.000000000000000000e+00
0.000000000000000000e+00
0.000000000000000000e+00
0.000000000000000000e+00
0.000000000000000000e+00
0.000000000000000000e+00
