1.724569797515869141e-01
1.041269421577453613e+00
-2.738327264785766602e+00
-1.054681301116943359e+00
8.481965065002441406e-01
-2.869539558887481689e-01
-6.991208195686340332e-01
8.388493061065673828e-01
3.864340484142303467e-01
1.692987322807312012e+00
-3.189150094985961914e-01
-3.885640501976013184e-01
-6.503221392631530762e-01
8.208793401718139648e-01
8.344025611877441406e-01
-5.666927099227905273e-01
1.039179921150207520e+00
1.887302994728088379e-01
-5.099792778491973877e-02
-9.396366477012634277e-01
5.328961610794067383e-01
-9.260190278291702271e-02
6.804446578025817871e-01
-6.043996214866638184e-01
4.718806743621826172e-01
1.785836815834045410e-01
2.436925470829010010e-01
5.107995867729187012e-01
-2.264262735843658447e-01
-4.749372899532318115e-01
3.122115373611450195e+00
2.255459129810333252e-01
9.671577215194702148e-01
-1.104607820510864258e+00
4.716806411743164062e-01
2.036684155464172363e-01
5.853011608123779297e-01
-3.007851243019104004e-01
1.576232552528381348e+00
3.771939873695373535e-01
6.732956767082214355e-01
1.054630517959594727e+00
-2.239150367677211761e-02
1.039068549871444702e-01
8.257856369018554688e-01
-5.492798686027526855e-01
6.767728328704833984e-01
-2.099071890115737915e-01
1.192817449569702148e+00
7.414028644561767578e-01
-9.134783148765563965e-01
-2.053813785314559937e-01
4.248721301555633545e-01
2.171087503433227539e+00
-2.729145437479019165e-02
-9.200451374053955078e-01
1.364921212196350098e+00
1.171131372451782227e+00
-7.865861058235168457e-01
-2.040736675262451172e-01
8.982841670513153076e-02
-3.127946555614471436e-01
-7.224248051643371582e-01
5.098803639411926270e-01
-4.920254647731781006e-01
-1.086396574974060059e-01
-9.659745544195175171e-02
-6.693243384361267090e-01
5.761837363243103027e-01
2.054999619722366333e-01
1.993907690048217773e-01
-2.695275545120239258e-01
2.887701094150543213e-01
6.028522849082946777e-01
1.178793549537658691e+00
2.499275505542755127e-01
-1.769979149103164673e-01
2.722832858562469482e-01
1.593820095062255859e+00
3.481953442096710205e-01
6.792621612548828125e-01
-9.076496213674545288e-02
5.675479173660278320e-01
-7.211098074913024902e-01
-3.281018733978271484e-01
-3.721134960651397705e-01
-1.200769662857055664e+00
-9.055814146995544434e-01
2.947705745697021484e+00
-8.717334270477294922e-01
5.109568834304809570e-01
8.841865062713623047e-01
-3.685931265354156494e-01
-2.213957160711288452e-01
-4.001517891883850098e-01
-1.476600393652915955e-02
-1.038067221641540527e+00
7.902858257293701172e-01
3.592365980148315430e-01
3.894207775592803955e-01
0.000000000000000000e+00
0.000000000000000000e+00
0.000000000000000000e+00
0.000000000000000000e+00
0.000000000000000000e+00
0.000000000000000000e+00
0.000000000000000000e+00
0.000000000000000000e+00
0.000000000000000000e+00
0.000000000000000000e+00
0.000000000000000000e+00
0.000000000000000000e+00
0.000000000000000000e+00
0.000000000000000000e+00
