1.603044569492340088e-01
-3.631674349308013916e-01
4.151652157306671143e-01
5.819534063339233398e-01
5.288551002740859985e-02
7.938607931137084961e-01
-1.727411746978759766e+00
-9.512885659933090210e-02
1.378432512283325195e-01
-2.218809127807617188e-01
-1.397298812866210938e+00
-8.151986598968505859e-01
-1.360906600952148438e+00
-1.127109050750732422e+00
-1.215311288833618164e-01
-8.715056180953979492e-01
-1.038850069046020508e+00
-8.721847087144851685e-02
-2.965442836284637451e-01
4.343082904815673828e-01
4.024721980094909668e-01
6.725386977195739746e-01
-1.177917242050170898e+00
-1.977854967117309570e-01
2.919936895370483398e+00
-3.185119330883026123e-01
5.447025895118713379e-01
-3.121263980865478516e-01
-4.275198280811309814e-01
3.462826311588287354e-01
-2.750512957572937012e-01
-4.616753160953521729e-01
5.841686725616455078e-01
3.395746052265167236e-01
-1.077916145324707031e+00
-2.920169830322265625e-01
-5.421770215034484863e-01
3.207007646560668945e-01
1.031155511736869812e-01
3.030353784561157227e-01
-3.999947309494018555e-01
4.955508410930633545e-01
8.461827635765075684e-01
-4.804425835609436035e-01
4.178661108016967773e-01
3.439974188804626465e-01
2.766812443733215332e-01
-9.214933030307292938e-03
3.890594840049743652e-01
6.496334671974182129e-01
-1.865813508629798889e-02
-2.240193605422973633e+00
1.680636778473854065e-02
-1.004065871238708496e+00
-6.769164204597473145e-01
9.391272068023681641e-01
7.094149589538574219e-01
-8.419994115829467773e-01
5.236344039440155029e-02
-8.543734252452850342e-02
7.435875535011291504e-01
-1.391291260719299316e+00
6.890596747398376465e-01
-6.903221011161804199e-01
-1.234089285135269165e-01
7.460473775863647461e-01
-8.682148456573486328e-01
1.363756299018859863e+00
3.855980932712554932e-01
-8.523686975240707397e-02
5.396110191941261292e-02
-1.076292753219604492e+00
5.080665349960327148e-01
1.109959363937377930e+00
-9.661288857460021973e-01
2.310271739959716797e+00
3.645286895334720612e-03
1.078900694847106934e+00
4.529037773609161377e-01
-8.476834893226623535e-01
-5.171664953231811523e-01
-6.705344319343566895e-01
-5.474641919136047363e-01
1.328173160552978516e+00
-2.482664138078689575e-01
6.004280447959899902e-01
-6.598199009895324707e-01
-1.731427609920501709e-01
1.348769068717956543e-01
-8.593326807022094727e-01
3.396945297718048096e-01
6.594212651252746582e-01
-3.373469710350036621e-01
8.394732475280761719e-01
-3.450749814510345459e-01
2.499095648527145386e-01
-3.754268959164619446e-02
-4.125200584530830383e-02
-4.942751228809356689e-01
-1.515229821205139160e+00
0.000000000000000000e+00
0.000000000000000000e+00
0.000000000000000000e+00
0.000000000000000000e+00
0.000000000000000000e+00
0.000000000000000000e+00
