1.259658634662628174e-01
-1.756876409053802490e-01
4.089099466800689697e-01
2.827394306659698486e-01
-4.859735369682312012e-01
2.551353275775909424e-01
6.506425738334655762e-01
-3.027537092566490173e-02
-4.276965856552124023e-01
7.041831035166978836e-03
1.020014762878417969e+00
1.177963495254516602e+00
-3.528913259506225586e-01
9.926063418388366699e-01
-3.329232037067413330e-01
-2.637703418731689453e-01
6.195947527885437012e-01
-1.123489513993263245e-01
-8.135635852813720703e-01
-1.156935811042785645e+00
4.530804157257080078e-01
9.259862899780273438e-01
9.641522169113159180e-01
-4.424768686294555664e-01
1.237787365913391113e+00
7.083070874214172363e-01
-1.364496499300003052e-01
-2.897143363952636719e-01
-1.528115987777709961e+00
8.561282753944396973e-01
1.032861471176147461e+00
1.069096088409423828e+00
-9.545273184776306152e-01
3.160752058029174805e-01
-4.183238744735717773e-01
7.168000340461730957e-01
2.057448178529739380e-01
4.923701286315917969e-01
-4.681596755981445312e-01
-6.815848350524902344e-01
-6.365967988967895508e-01
-2.413117170333862305e+00
2.968061864376068115e-01
-5.699979662895202637e-01
4.127635657787322998e-01
2.831461131572723389e-01
4.223848879337310791e-01
1.070826888084411621e+00
7.571548968553543091e-02
2.625432014465332031e-01
1.872239857912063599e-01
3.973582386970520020e-01
8.947098255157470703e-01
-8.930856585502624512e-01
-4.843104481697082520e-01
1.060645341873168945e+00
-3.074270486831665039e+00
-2.241082489490509033e-01
2.914518117904663086e-01
1.618825457990169525e-02
2.207999467849731445e+00
6.820339560508728027e-01
-3.740574121475219727e-01
8.045879006385803223e-01
4.105446636676788330e-01
2.120004892349243164e-01
-4.879504442214965820e-01
-3.312146663665771484e-01
-2.629354298114776611e-01
-1.644073724746704102e+00
3.861262649297714233e-02
1.962987303733825684e+00
4.332645237445831299e-01
-1.043972134590148926e+00
-7.535148262977600098e-01
1.021143436431884766e+00
-2.896830625832080841e-02
6.654668450355529785e-01
-8.360231518745422363e-01
4.326839745044708252e-01
2.394686937332153320e+00
-8.691422939300537109e-01
-5.799750685691833496e-01
-4.360941052436828613e-01
7.502443194389343262e-01
-7.198671698570251465e-01
-1.461384415626525879e+00
-9.707752466201782227e-01
5.210037231445312500e-01
5.135577917098999023e-01
1.151969552040100098e+00
-1.347973644733428955e-01
7.707588672637939453e-01
-9.648647904396057129e-01
1.945158243179321289e-01
-7.361124753952026367e-01
4.265754520893096924e-01
-4.342802166938781738e-01
-1.183114647865295410e+00
1.328430622816085815e-01
0.000000000000000000e+00
0.000000000000000000e+00
0.000000000000000000e+00
0.000000000000000000e+00
0.000000000000000000e+00
0.000000000000000000e+00
0.000000000000000000e+00
0.000000000000000000e+00
0.000000000000000000e+00
0.000000000000000000e+00
0.000000000000000000e+00
0.000000000000000000e+00
0.000000000000000000e+00
0.000000000000000000e+00
0.000000000000000000e+00
0.000000000000000000e+00
0.000000000000000000e+00
0.000000000000000000e+00
0.000000000000000000e+00
