-2.585360407829284668e-01
1.224962592124938965e+00
-9.109231233596801758e-01
-8.617426156997680664e-01
5.118621587753295898e-01
-1.253823190927505493e-01
4.431750774383544922e-01
9.031385779380798340e-01
1.603217571973800659e-01
8.801281452178955078e-01
-2.089357823133468628e-01
-7.813858985900878906e-01
-6.102003455162048340e-01
3.058768808841705322e-01
7.090914249420166016e-01
-4.670996963977813721e-01
7.833651900291442871e-01
1.630304008722305298e-02
1.421180516481399536e-01
-1.007203936576843262e+00
2.333644777536392212e-01
-5.937272310256958008e-01
2.600048184394836426e-01
-8.137320280075073242e-01
5.992656946182250977e-01
-3.360412418842315674e-01
-9.211190044879913330e-02
2.699131667613983154e-01
-2.258609533309936523e-01
-2.237769961357116699e-01
2.708428621292114258e+00
2.101070433855056763e-01
7.945119142532348633e-01
-3.261471167206764221e-02
1.229366540908813477e+00
2.556816935539245605e-01
3.445411026477813721e-01
-2.183084487915039062e-01
3.363387107849121094e+00
3.449132144451141357e-01
1.283252120018005371e+00
8.589044809341430664e-01
-1.885376125574111938e-02
3.048814237117767334e-01
2.204542309045791626e-01
-5.668360590934753418e-01
4.645434617996215820e-01
-1.049795746803283691e+00
7.225556969642639160e-01
5.478733181953430176e-01
1.246943354606628418e+00
6.207056641578674316e-01
2.735596597194671631e-01
-7.453950047492980957e-01
1.484373956918716431e-01
-8.191059827804565430e-01
8.414992690086364746e-01
7.806326150894165039e-01
-4.100571870803833008e-01
7.499961555004119873e-02
1.331806033849716187e-01
-3.288993537425994873e-01
6.259831786155700684e-02
3.097710609436035156e-01
-4.418305456638336182e-01
1.860567212104797363e+00
-3.052364587783813477e-01
-4.604401886463165283e-01
7.005177736282348633e-01
8.996348083019256592e-02
6.019761040806770325e-02
-4.020912945270538330e-01
2.609959840774536133e-01
-9.673437476158142090e-02
1.103440761566162109e+00
1.642094254493713379e-01
-2.772510051727294922e-01
4.779281318187713623e-01
1.075322628021240234e+00
2.242483496665954590e-01
5.341326594352722168e-01
5.294109582901000977e-01
3.071654438972473145e-01
-8.552498221397399902e-01
-3.802139461040496826e-01
-1.013400591909885406e-02
-1.228846669197082520e+00
-7.059539556503295898e-01
9.877687692642211914e-01
-9.973652958869934082e-01
5.441184043884277344e-01
1.850960254669189453e+00
-2.693127393722534180e-01
-4.234827458858489990e-01
-1.671326398849487305e+00
-4.128137528896331787e-01
-3.174699544906616211e-01
1.382190227508544922e+00
6.933781504631042480e-02
7.806333899497985840e-02
0.000000000000000000e+00
0.000000000000000000e+00
0.000000000000000000e+00
0.000000000000000000e+00
