-1.220620036125183105e+00
4.773175120353698730e-01
-3.282743990421295166e-01
2.152049727737903595e-02
-5.740896463394165039e-01
-8.719754219055175781e-01
-5.144219994544982910e-01
4.508301243185997009e-02
4.430736303329467773e-01
7.071215510368347168e-01
-3.777254819869995117e-01
7.727809548377990723e-01
1.371778011322021484e+00
-3.660246431827545166e-01
-7.170764803886413574e-01
7.460837960243225098e-01
4.000821411609649658e-01
2.517135381698608398e+00
-1.070517182350158691e+00
-6.049570441246032715e-01
8.050690889358520508e-01
3.593402206897735596e-01
4.255377650260925293e-01
-4.426141679286956787e-01
-2.636149153113365173e-02
-2.936145663261413574e-01
-5.989772677421569824e-01
6.339841485023498535e-01
5.178717970848083496e-01
3.631806373596191406e-01
-1.069877862930297852e+00
-1.925417333841323853e-01
-3.113644421100616455e-01
1.037362575531005859e+00
-6.410180777311325073e-02
5.575944781303405762e-01
1.080102026462554932e-01
-5.350450873374938965e-01
-8.421247005462646484e-01
3.811680376529693604e-01
1.833648830652236938e-01
8.853082060813903809e-01
4.653135240077972412e-01
-3.190461397171020508e-01
3.121840655803680420e-01
6.231942772865295410e-01
4.298901855945587158e-01
-4.122128784656524658e-01
-9.123840332031250000e-01
-9.023402333259582520e-01
-7.744821906089782715e-01
-6.935327500104904175e-02
-6.228354200720787048e-02
1.115806251764297485e-01
3.962994813919067383e-01
-1.304321885108947754e+00
7.353985309600830078e-01
7.007521390914916992e-01
-3.874864578247070312e-01
-1.335573554039001465e+00
1.408277004957199097e-01
4.752923548221588135e-02
1.463070988655090332e+00
-8.744523525238037109e-01
-4.012496471405029297e-01
-4.333764314651489258e-01
-1.160618543624877930e+00
1.467834949493408203e+00
6.989023089408874512e-01
6.128913760185241699e-01
1.857388317584991455e-01
1.640184760093688965e+00
1.050934791564941406e-01
-1.970936208963394165e-01
7.201999425888061523e-01
2.489488571882247925e-01
8.055942058563232422e-01
6.850746273994445801e-01
-5.323808193206787109e-01
-6.563101410865783691e-01
4.127142429351806641e-01
-9.113283157348632812e-01
-3.444612920284271240e-01
6.305727958679199219e-01
7.970259189605712891e-01
-1.750690937042236328e-01
-5.755975842475891113e-01
2.811119556427001953e+00
2.626906335353851318e-01
4.371963739395141602e-01
-1.780806295573711395e-02
1.401996493339538574e+00
-1.247604370117187500e+00
1.671828031539916992e-01
6.580893993377685547e-01
7.345616221427917480e-01
-1.499475836753845215e-01
-4.219883084297180176e-01
-4.375753700733184814e-01
1.477910727262496948e-01
0.000000000000000000e+00
0.000000000000000000e+00
0.000000000000000000e+00
0.000000000000000000e+00
0.000000000000000000e+00
