-8.087981492280960083e-02
8.975960016250610352e-01
-8.717898130416870117e-01
-1.008152127265930176e+00
4.654316902160644531e-01
-8.341262489557266235e-02
4.396886229515075684e-01
9.045730829238891602e-01
2.154361903667449951e-01
8.090904355049133301e-01
-2.509713172912597656e-01
-6.631214618682861328e-01
-3.021078407764434814e-01
5.959512591361999512e-01
7.451208829879760742e-01
-4.104000031948089600e-01
7.640272378921508789e-01
2.940097749233245850e-01
1.022235453128814697e-01
-1.013600707054138184e+00
2.634480893611907959e-01
6.155804991722106934e-01
7.018718123435974121e-01
-8.172105550765991211e-01
4.198105931282043457e-01
3.991346955299377441e-01
2.613222301006317139e-01
1.588498651981353760e-01
-1.242152526974678040e-01
-2.342766672372817993e-01
9.115253686904907227e-01
8.106607943773269653e-02
7.578054070472717285e-01
-5.284900069236755371e-01
1.080994606018066406e+00
2.073796987533569336e-01
6.892843246459960938e-01
-2.399208694696426392e-01
3.414365291595458984e+00
7.763329148292541504e-02
-2.200348069891333580e-03
7.820850610733032227e-01
-8.978179097175598145e-02
-5.386511236429214478e-02
6.055232882499694824e-01
-3.307557106018066406e-01
2.224825024604797363e-01
-7.650639116764068604e-02
7.666046619415283203e-01
6.863576769828796387e-01
2.314324140548706055e+00
4.553929567337036133e-01
-1.344711184501647949e+00
1.015134811401367188e+00
3.219574093818664551e-01
-7.827145457267761230e-01
7.701383233070373535e-01
7.470183372497558594e-01
-5.210593342781066895e-01
-3.265475481748580933e-02
1.202036663889884949e-01
-2.725720405578613281e-01
-9.220127016305923462e-02
4.869363605976104736e-01
6.643228977918624878e-02
-1.623556613922119141e-01
-1.373855471611022949e-01
-6.803955435752868652e-01
3.426496386528015137e-01
3.314429521560668945e-01
8.181956410408020020e-02
-2.176939696073532104e-01
3.533092141151428223e-01
4.371099174022674561e-01
1.252294421195983887e+00
3.570438325405120850e-01
-7.758322171866893768e-03
1.680567115545272827e-01
1.087185621261596680e+00
7.591487839818000793e-03
1.187280893325805664e+00
1.590110361576080322e-01
3.459135293960571289e-01
-8.120005130767822266e-01
-5.934379696846008301e-01
-4.920991957187652588e-01
-9.708638787269592285e-01
-1.014999389648437500e+00
8.118703961372375488e-01
-3.406543433666229248e-01
3.984922468662261963e-01
8.927853703498840332e-01
-3.382910490036010742e-01
-2.435898333787918091e-01
-1.466503858566284180e+00
-2.478180974721908569e-01
8.789008855819702148e-01
4.918340221047401428e-02
4.443298280239105225e-01
3.333590030670166016e-01
0.000000000000000000e+00
0.000000000000000000e+00
0.000000000000000000e+00
0.000000000000000000e+00
0.000000000000000000e+00
0.000000000000000000e+00
