6.423075795173645020e-01
6.479293107986450195e-01
-6.256652474403381348e-01
-9.630045294761657715e-01
6.605845093727111816e-01
-3.226933479309082031e-01
-7.175453901290893555e-01
8.546012639999389648e-01
3.795047402381896973e-01
1.761125326156616211e+00
-3.567087352275848389e-01
-3.387833833694458008e-01
9.541560709476470947e-02
6.411596536636352539e-01
8.806892633438110352e-01
-6.302771568298339844e-01
7.758083343505859375e-01
3.241390585899353027e-01
-1.596988551318645477e-02
-1.032579302787780762e+00
2.862060964107513428e-01
-5.271874666213989258e-01
5.988941788673400879e-01
-6.191889047622680664e-01
9.595474600791931152e-01
2.718127332627773285e-02
1.753921955823898315e-01
3.462763726711273193e-01
-6.396470218896865845e-02
-5.885760486125946045e-02
2.065317630767822266e-01
5.602719187736511230e-01
8.523974418640136719e-01
-7.960587143898010254e-01
1.068942546844482422e+00
7.901961207389831543e-01
4.370910227298736572e-01
-3.120217621326446533e-01
1.570618748664855957e+00
3.357900083065032959e-01
2.030807137489318848e-01
9.276835918426513672e-01
-4.834607988595962524e-02
2.024856656789779663e-01
6.778656840324401855e-01
-6.536831855773925781e-01
8.456436991691589355e-01
-3.231235444545745850e-01
1.862802028656005859e+00
7.271409034729003906e-01
3.133694171905517578e+00
-5.764001011848449707e-01
-1.043290734291076660e+00
-3.310759961605072021e-01
1.900044083595275879e-01
-9.409838914871215820e-01
1.120046138763427734e+00
9.578654766082763672e-01
-4.829241335391998291e-01
-2.638808786869049072e-01
-1.514978289604187012e+00
-3.454176783561706543e-01
-4.374114871025085449e-01
5.164981484413146973e-01
-5.886865258216857910e-01
2.616576105356216431e-02
-4.219487607479095459e-01
-1.962111473083496094e+00
-1.075183033943176270e+00
5.473176240921020508e-01
3.103070855140686035e-01
-7.038034200668334961e-01
3.597941398620605469e-01
7.032854557037353516e-01
-1.005849018692970276e-01
4.212453365325927734e-01
-3.571966588497161865e-01
3.497066497802734375e-01
1.537852048873901367e+00
8.226936459541320801e-01
7.001250982284545898e-01
2.731971740722656250e-01
4.891881644725799561e-01
-1.867917299270629883e+00
-3.755705356597900391e-01
-2.787713408470153809e-01
-1.111346006393432617e+00
-1.134603261947631836e+00
1.100707054138183594e+00
-5.936192274093627930e-01
4.228148758411407471e-01
1.141337752342224121e+00
-3.182598948478698730e-01
-3.659821748733520508e-01
-4.122926890850067139e-01
-7.113361358642578125e-01
-5.802206397056579590e-01
4.317611753940582275e-01
5.965048670768737793e-01
4.032423794269561768e-01
0.000000000000000000e+00
0.000000000000000000e+00
0.000000000000000000e+00
0.000000000000000000e+00
0.000000000000000000e+00
0.000000000000000000e+00
0.000000000000000000e+00
0.000000000000000000e+00
0.000000000000000000e+00
0.000000000000000000e+00
0.000000000000000000e+00
0.000000000000000000e+00
0.000000000000000000e+00
0.000000000000000000e+00
0.000000000000000000e+00
