-2.060242369771003723e-02
-1.495713889598846436e-01
4.961521327495574951e-01
8.244333863258361816e-01
-7.148420810699462891e-01
2.827886641025543213e-01
2.766142606735229492e+00
-1.129369139671325684e-01
-3.936432898044586182e-01
1.951798647642135620e-01
7.800050377845764160e-01
1.510813474655151367e+00
-3.721671402454376221e-01
2.677767574787139893e-01
3.204807639122009277e-01
-4.106184840202331543e-01
1.067469239234924316e+00
-2.110199779272079468e-01
-6.239646673202514648e-01
-1.064964056015014648e+00
5.801082849502563477e-01
7.982247471809387207e-01
9.739555716514587402e-01
-5.211758613586425781e-01
9.368139505386352539e-01
1.191011905670166016e+00
-6.752367615699768066e-01
-5.585080981254577637e-01
-9.042874574661254883e-01
1.154423832893371582e+00
1.141960263252258301e+00
1.009681820869445801e-02
-1.140637755393981934e+00
2.886651754379272461e-01
-3.140185475349426270e-01
1.510762333869934082e+00
6.941428184509277344e-01
5.051009654998779297e-01
-7.425569891929626465e-01
-7.029653191566467285e-01
-6.178781986236572266e-01
-1.830762386322021484e+00
1.005176067352294922e+00
-1.072776913642883301e+00
9.487692117691040039e-01
1.799220144748687744e-01
9.578834176063537598e-01
8.550766706466674805e-01
4.013929516077041626e-02
4.266919493675231934e-01
1.545707702636718750e+00
6.212478876113891602e-01
3.709546923637390137e-01
-8.662384152412414551e-01
-4.643173813819885254e-01
2.094908237457275391e+00
9.314798712730407715e-01
-1.623140275478363037e-01
3.502124547958374023e-01
-8.101569861173629761e-02
1.758953332901000977e+00
8.939489722251892090e-01
-3.803113996982574463e-01
7.352001070976257324e-01
6.131730675697326660e-01
-6.655502319335937500e-01
-6.751593351364135742e-01
-4.199303984642028809e-01
-5.336456298828125000e-01
-1.581212401390075684e+00
1.818596571683883667e-01
1.084981560707092285e+00
6.787168979644775391e-01
-9.919781684875488281e-01
-8.931639194488525391e-01
6.585841178894042969e-01
-1.137672185897827148e+00
4.351636767387390137e-01
-2.186417132616043091e-01
6.115196347236633301e-01
5.209301710128784180e-01
2.234508469700813293e-02
-6.570444107055664062e-01
-5.163545608520507812e-01
4.135202169418334961e-01
-5.759035944938659668e-01
-2.373975992202758789e+00
-1.011398911476135254e+00
3.457994461059570312e-01
-8.793967776000499725e-03
1.084008216857910156e+00
-2.236017286777496338e-01
8.210651874542236328e-01
-5.375170707702636719e-01
1.055498346686363220e-01
-7.601662278175354004e-01
-1.621797680854797363e-01
-3.703434765338897705e-01
-1.108858108520507812e+00
-1.353163719177246094e-01
0.000000000000000000e+00
0.000000000000000000e+00
0.000000000000000000e+00
0.000000000000000000e+00
0.000000000000000000e+00
0.000000000000000000e+00
0.000000000000000000e+00
0.000000000000000000e+00
0.000000000000000000e+00
0.000000000000000000e+00
0.000000000000000000e+00
0.000000000000000000e+00
0.000000000000000000e+00
0.000000000000000000e+00
0.000000000000000000e+00
0.000000000000000000e+00
0.000000000000000000e+00
0.000000000000000000e+00
