-4.662067890167236328e-01
3.692963123321533203e-01
-3.363552689552307129e-01
-3.349863737821578979e-02
6.141158193349838257e-02
-3.373840153217315674e-01
-4.031314849853515625e-01
-4.113153219223022461e-01
5.540316700935363770e-01
4.394875466823577881e-01
-8.068600296974182129e-01
4.687363803386688232e-01
1.019879102706909180e+00
-5.754260420799255371e-01
-8.678531646728515625e-01
4.271052181720733643e-01
1.782625168561935425e-01
2.553256988525390625e+00
-9.925042837858200073e-02
-6.086214184761047363e-01
6.058320999145507812e-01
1.954195201396942139e-01
6.813334822654724121e-01
-5.255372524261474609e-01
-1.276731956750154495e-02
-3.206510841846466064e-01
-7.367114424705505371e-01
-4.506580233573913574e-01
8.070746809244155884e-02
5.229533910751342773e-01
-9.461757540702819824e-01
5.911874398589134216e-02
-3.359596729278564453e-01
2.722146511077880859e-01
-1.751673221588134766e-02
1.573878049850463867e+00
3.852131068706512451e-01
2.080853700637817383e+00
-5.795592665672302246e-01
3.347876369953155518e-01
1.082204356789588928e-01
6.816779375076293945e-01
9.411658644676208496e-01
-6.402764469385147095e-02
2.964893579483032227e-01
5.732392072677612305e-01
2.309177666902542114e-01
-3.096233606338500977e-01
-7.765812277793884277e-01
-5.744912624359130859e-01
-2.268716841936111450e-01
4.200747013092041016e-01
-1.376315057277679443e-01
2.493259757757186890e-01
4.124586880207061768e-01
1.627146638929843903e-02
5.612988471984863281e-01
5.509778857231140137e-01
-5.710652470588684082e-01
-4.548132121562957764e-01
6.397421360015869141e-01
7.806465625762939453e-01
1.162233948707580566e+00
-6.376169323921203613e-01
-3.447376787662506104e-01
-3.248399198055267334e-01
-1.007496595382690430e+00
1.395648241043090820e+00
6.682103276252746582e-01
4.728301763534545898e-01
3.939866647124290466e-02
8.078218102455139160e-01
4.046714678406715393e-02
-1.207281574606895447e-01
-6.421533823013305664e-01
-4.665388725697994232e-03
1.120420694351196289e+00
9.012438058853149414e-01
-4.482077956199645996e-01
-4.197882115840911865e-01
5.819372534751892090e-01
-8.208823800086975098e-01
-1.358727365732192993e-01
5.655925273895263672e-01
6.365026235580444336e-01
-3.917754292488098145e-01
-3.685098588466644287e-01
-9.558134078979492188e-01
4.731807410717010498e-01
6.944591403007507324e-01
9.462918341159820557e-02
1.285276412963867188e+00
-5.367493629455566406e-01
9.239758551120758057e-02
3.776932954788208008e-01
5.399618148803710938e-01
-5.611822754144668579e-02
-4.045346975326538086e-01
1.533533334732055664e+00
1.634037047624588013e-01
0.000000000000000000e+00
0.000000000000000000e+00
0.000000000000000000e+00
0.000000000000000000e+00
