-1.130035400390625000e+00
5.943930745124816895e-01
-8.516629934310913086e-01
-9.276915788650512695e-01
7.016647458076477051e-01
-2.603450119495391846e-01
-7.107216119766235352e-01
9.202010631561279297e-01
4.301694631576538086e-01
1.893256306648254395e+00
-3.563248515129089355e-01
-1.186778426170349121e+00
-8.125093579292297363e-01
9.171414375305175781e-01
9.091607332229614258e-01
-8.415265083312988281e-01
1.088398337364196777e+00
2.237673848867416382e-01
4.802315235137939453e-01
-9.475921392440795898e-01
2.073858082294464111e-01
8.222596645355224609e-01
6.990996003150939941e-01
-6.593855619430541992e-01
4.126558601856231689e-01
1.252406239509582520e-01
3.432411253452301025e-01
4.468612968921661377e-01
-3.822005912661552429e-02
-2.866163551807403564e-01
2.959679126739501953e+00
1.790539026260375977e-01
1.293235778808593750e+00
-4.446504712104797363e-01
1.134224295616149902e+00
2.317906022071838379e-01
5.402504205703735352e-01
-2.789341509342193604e-01
1.522511482238769531e+00
5.293404683470726013e-02
-1.168227717280387878e-01
1.755418181419372559e+00
-4.464221745729446411e-02
7.282642275094985962e-02
2.806911803781986237e-02
-6.320006251335144043e-01
5.989311933517456055e-01
-1.222576975822448730e+00
5.366429090499877930e-01
7.383325695991516113e-01
-7.312163710594177246e-01
9.516105055809020996e-01
-7.418434619903564453e-01
3.564997911453247070e-01
9.439266473054885864e-02
-9.779206514358520508e-01
1.749797105789184570e+00
1.245468258857727051e+00
-6.414879560470581055e-01
-3.122090101242065430e-01
1.289162486791610718e-01
-3.092752397060394287e-01
-1.168375611305236816e-01
-4.224323630332946777e-01
-5.111594796180725098e-01
-3.090748786926269531e-01
-2.407604902982711792e-01
-7.490215301513671875e-01
1.052092909812927246e+00
4.425771534442901611e-01
1.551796495914459229e-01
-6.104452013969421387e-01
4.649021327495574951e-01
5.314190387725830078e-01
-1.225133761763572693e-01
5.249820351600646973e-01
-1.047718286514282227e+00
2.741287350654602051e-01
1.554518103599548340e+00
3.143445029854774475e-02
6.873341798782348633e-01
7.661246657371520996e-01
5.218410491943359375e-01
-2.240067720413208008e-01
-4.957044720649719238e-01
-9.740869700908660889e-02
-1.107952833175659180e+00
-1.082303047180175781e+00
2.116169929504394531e+00
-2.846025526523590088e-01
4.110646843910217285e-01
1.152197003364562988e+00
-6.019660830497741699e-01
-3.080883622169494629e-01
-4.070897996425628662e-01
-3.092588186264038086e-01
-2.373407334089279175e-01
6.237547993659973145e-01
2.724509537220001221e-01
3.210820257663726807e-01
0.000000000000000000e+00
0.000000000000000000e+00
0.000000000000000000e+00
0.000000000000000000e+00
0.000000000000000000e+00
0.000000000000000000e+00
0.000000000000000000e+00
0.000000000000000000e+00
0.000000000000000000e+00
0.000000000000000000e+00
0.000000000000000000e+00
0.000000000000000000e+00
0.000000000000000000e+00
0.000000000000000000e+00
0.000000000000000000e+00
0.000000000000000000e+00
0.000000000000000000e+00
0.000000000000000000e+00
