-2.230341136455535889e-01
5.785697102546691895e-01
-1.858747839927673340e+00
-9.632732868194580078e-01
9.060375094413757324e-01
-3.821880221366882324e-01
-1.248383760452270508e+00
6.708729863166809082e-01
2.873922288417816162e-01
1.707652568817138672e+00
-3.168425559997558594e-01
-3.704245388507843018e-01
-3.681148588657379150e-01
6.079612970352172852e-01
9.074716567993164062e-01
-4.471858143806457520e-01
1.063258886337280273e+00
1.476480662822723389e-01
-1.235671192407608032e-01
-1.252510070800781250e+00
5.216425061225891113e-01
4.147096872329711914e-01
4.904725849628448486e-01
-4.696876704692840576e-01
-3.188366293907165527e-01
1.080188900232315063e-01
4.378505647182464600e-01
3.915464282035827637e-01
-1.384009867906570435e-01
-2.938556671142578125e-01
1.137507438659667969e+00
-1.459789425134658813e-01
8.364598751068115234e-01
-1.255311369895935059e-01
1.641784757375717163e-01
2.126104682683944702e-01
8.760203123092651367e-01
-6.373523473739624023e-01
1.650442123413085938e+00
2.830105721950531006e-01
6.440841406583786011e-02
1.435626864433288574e+00
-2.640689723193645477e-02
2.488813400268554688e-01
7.659184336662292480e-01
-3.250666856765747070e-01
1.157952666282653809e+00
-9.960325956344604492e-01
8.126463294029235840e-01
6.066479682922363281e-01
-7.938777804374694824e-01
2.800860106945037842e-01
-1.323231339454650879e+00
5.575427040457725525e-02
3.882106542587280273e-01
-1.138879507780075073e-01
1.280533432960510254e+00
8.763229846954345703e-01
-5.464819073677062988e-01
-2.461079508066177368e-01
-3.236992284655570984e-02
-4.473531544208526611e-01
-6.324459314346313477e-01
7.284548878669738770e-01
-5.259547233581542969e-01
-3.260435536503791809e-02
1.386820375919342041e-01
-4.906632602214813232e-01
8.095021843910217285e-01
3.933444917201995850e-01
6.796499341726303101e-02
-6.013646721839904785e-01
3.575378060340881348e-01
5.322368144989013672e-01
1.183102250099182129e+00
4.482541978359222412e-01
-3.724788427352905273e-01
2.164699435234069824e-01
1.585341572761535645e+00
1.141000270843505859e+00
5.053152441978454590e-01
-7.026523351669311523e-02
5.293179750442504883e-01
-1.664632916450500488e+00
-4.947616457939147949e-01
-9.099111706018447876e-02
-1.140161991119384766e+00
-9.448336362838745117e-01
2.072373151779174805e+00
-8.620133996009826660e-01
4.603789150714874268e-01
1.164274573326110840e+00
-6.224907636642456055e-01
-4.217488169670104980e-01
-4.460767209529876709e-01
-1.708506196737289429e-01
-1.131957769393920898e+00
4.242446720600128174e-01
3.003794252872467041e-01
6.390003561973571777e-01
0.000000000000000000e+00
0.000000000000000000e+00
0.000000000000000000e+00
0.000000000000000000e+00
0.000000000000000000e+00
0.000000000000000000e+00
0.000000000000000000e+00
0.000000000000000000e+00
0.000000000000000000e+00
0.000000000000000000e+00
0.000000000000000000e+00
0.000000000000000000e+00
0.000000000000000000e+00
0.000000000000000000e+00
0.000000000000000000e+00
0.000000000000000000e+00
0.000000000000000000e+00
0.000000000000000000e+00
0.000000000000000000e+00
