-2.485486865043640137e-01
4.798142910003662109e-01
-5.162289142608642578e-01
-8.493176102638244629e-02
8.455488085746765137e-01
-2.842860817909240723e-01
-5.902277231216430664e-01
1.381808221340179443e-01
4.202383756637573242e-01
5.005464553833007812e-01
-6.868091225624084473e-01
3.197108805179595947e-01
6.707062721252441406e-01
-2.391736805438995361e-01
-5.186128616333007812e-01
4.527111947536468506e-01
2.745946347713470459e-01
2.813124895095825195e+00
-1.485312357544898987e-02
-6.277328133583068848e-01
4.858155548572540283e-01
-9.985080957412719727e-01
3.490972220897674561e-01
-3.396271467208862305e-01
1.117158979177474976e-01
-2.810714840888977051e-01
-1.123716592788696289e+00
-6.139415316283702850e-03
3.416818678379058838e-01
5.022555217146873474e-02
-9.945085048675537109e-01
-9.768684208393096924e-02
-8.927056193351745605e-02
4.376616179943084717e-01
7.483477890491485596e-02
1.566200256347656250e+00
3.483828008174896240e-01
-3.287724405527114868e-02
-4.744602739810943604e-01
4.705954790115356445e-01
8.060859888792037964e-02
5.899346470832824707e-01
3.594761788845062256e-01
1.149607658386230469e+00
2.574654221534729004e-01
3.956746757030487061e-01
6.358240246772766113e-01
5.395434796810150146e-02
-4.480796158313751221e-01
-6.209831237792968750e-01
-2.912257015705108643e-01
-1.180255562067031860e-01
5.343707278370857239e-02
1.982553154230117798e-01
3.496524095535278320e-01
-2.212961316108703613e-01
3.272990882396697998e-01
-9.467887878417968750e-01
-3.983118832111358643e-01
-2.699732065200805664e+00
1.084635138511657715e+00
2.090111672878265381e-01
9.133704900741577148e-01
-5.271508693695068359e-01
-3.846607506275177002e-01
-4.066253006458282471e-01
-5.373378992080688477e-01
1.436979293823242188e+00
6.930996179580688477e-01
5.688408613204956055e-01
2.347638458013534546e-02
3.624153435230255127e-01
1.975214853882789612e-02
-1.045731902122497559e-01
8.253659605979919434e-01
3.134842216968536377e-01
9.684182405471801758e-01
3.983942568302154541e-01
-4.330276846885681152e-01
-4.269478619098663330e-01
3.565411269664764404e-01
-8.952706456184387207e-01
-4.212816059589385986e-02
7.503719329833984375e-01
1.095656156539916992e+00
-3.028476536273956299e-01
-3.563885688781738281e-01
7.025265097618103027e-01
3.424247503280639648e-01
4.134361147880554199e-01
5.478749424219131470e-02
1.841370224952697754e+00
-8.479130268096923828e-01
6.825000792741775513e-02
3.888593018054962158e-01
4.474456012248992920e-01
-2.527519762516021729e-01
-3.311013579368591309e-01
1.315079569816589355e+00
2.236422449350357056e-01
0.000000000000000000e+00
0.000000000000000000e+00
0.000000000000000000e+00
0.000000000000000000e+00
