-1.006563067436218262e+00
5.662341117858886719e-01
-1.573956757783889771e-01
1.314761281013488770e+00
-5.292788743972778320e-01
-1.249716043472290039e+00
3.708233833312988281e-01
-1.554191827774047852e+00
-4.513051211833953857e-01
-4.628477394580841064e-01
8.898762464523315430e-01
7.243624925613403320e-01
-9.057858586311340332e-01
-7.046597003936767578e-01
-3.848402500152587891e-01
-3.290884494781494141e-01
-6.337409019470214844e-01
4.583268165588378906e-01
4.775037169456481934e-01
-1.166795492172241211e+00
1.058212637901306152e+00
1.155718445777893066e+00
3.789070546627044678e-01
4.973634183406829834e-01
-1.687233150005340576e-01
1.237656950950622559e+00
-1.699534058570861816e-01
1.081083655357360840e+00
5.148938298225402832e-02
-1.674885600805282593e-01
-2.207112498581409454e-02
9.688277244567871094e-01
1.461614072322845459e-01
4.301467835903167725e-01
-9.135638475418090820e-01
1.998465657234191895e+00
1.104144975543022156e-01
2.031582295894622803e-01
-5.950687527656555176e-01
6.446559429168701172e-01
-1.509926617145538330e-01
-6.657577157020568848e-01
1.362574577331542969e+00
8.619735836982727051e-01
3.531382381916046143e-01
7.942482829093933105e-01
1.045749902725219727e+00
4.500707983970642090e-01
1.193472981452941895e+00
7.498382925987243652e-01
-2.179998606443405151e-01
-4.983429908752441406e-01
-9.373462200164794922e-01
4.211011826992034912e-01
-3.139418661594390869e-01
7.790830731391906738e-01
-9.735267758369445801e-01
2.600923180580139160e-01
-2.220347374677658081e-01
-2.262054234743118286e-01
-1.016608238220214844e+00
1.670394986867904663e-01
-3.694849014282226562e-01
-1.518347978591918945e+00
-8.094751238822937012e-01
1.011450290679931641e+00
-1.400573551654815674e-01
9.719085097312927246e-01
-1.153137683868408203e-01
9.233639240264892578e-01
2.401524633169174194e-01
4.696896374225616455e-01
5.896260589361190796e-02
-4.883091524243354797e-02
-1.307828068733215332e+00
-9.306457638740539551e-01
-3.525138497352600098e-01
7.568372040987014771e-02
6.202319264411926270e-01
8.770595192909240723e-01
5.430951118469238281e-01
3.841769099235534668e-01
4.074237048625946045e-01
4.130018055438995361e-01
-1.050482392311096191e+00
2.691855840384960175e-02
-8.543708324432373047e-01
-1.286190003156661987e-01
5.821893811225891113e-01
6.965016722679138184e-01
-1.967032104730606079e-01
-1.084111213684082031e+00
-5.003150925040245056e-02
-9.912382811307907104e-02
-6.193401217460632324e-01
-2.248843163251876831e-01
-2.554497122764587402e-01
-1.091535314917564392e-01
-5.136653780937194824e-01
1.051828503608703613e+00
0.000000000000000000e+00
0.000000000000000000e+00
0.000000000000000000e+00
0.000000000000000000e+00
