-3.308427333831787109e-02
-2.985907793045043945e-01
3.375530242919921875e-01
5.336899161338806152e-01
-3.147495687007904053e-01
7.891570776700973511e-02
2.153332948684692383e+00
4.106541723012924194e-02
-3.181863725185394287e-01
7.441306114196777344e-02
5.249238610267639160e-01
7.370179891586303711e-01
-2.665619552135467529e-01
7.431966662406921387e-01
1.706434637308120728e-01
-2.222717851400375366e-01
2.755700945854187012e-01
-1.536213159561157227e-01
-6.706265211105346680e-01
-3.626433387398719788e-02
6.360118389129638672e-01
8.637905120849609375e-01
5.127031207084655762e-01
-6.477253437042236328e-01
8.558641076087951660e-01
4.256223440170288086e-01
-6.899974346160888672e-01
-3.055320978164672852e-01
3.243063688278198242e-01
5.022844076156616211e-01
6.130623817443847656e-01
1.295062422752380371e+00
-7.495726943016052246e-01
2.187040001153945923e-01
-2.588039934635162354e-01
7.354385852813720703e-01
3.472346067428588867e-01
3.026629090309143066e-01
-6.371228694915771484e-01
-2.153660953044891357e-01
-3.766369521617889404e-01
-1.002230286598205566e+00
5.573744773864746094e-01
-1.008841753005981445e+00
5.806274414062500000e-01
2.752569913864135742e-01
2.762545049190521240e-01
6.996547579765319824e-01
9.799847751855850220e-02
7.001991868019104004e-01
2.939496040344238281e+00
-3.154247533529996872e-03
-5.712082609534263611e-02
1.646273583173751831e-01
-3.161897659301757812e-01
-1.388401240110397339e-01
1.000822901725769043e+00
-1.453902959823608398e+00
4.075922667980194092e-01
2.144171148538589478e-01
8.578363060951232910e-01
6.103018522262573242e-01
-1.298949003219604492e+00
5.709124803543090820e-01
4.585212171077728271e-01
-6.250967383384704590e-01
-2.114213556051254272e-01
-4.584614038467407227e-01
-3.055743575096130371e-01
-9.489241838455200195e-01
-7.588152587413787842e-02
-1.018380761146545410e+00
3.914799690246582031e-01
-3.791525587439537048e-02
-7.191819548606872559e-01
9.970297813415527344e-01
-9.633243083953857422e-01
5.631358623504638672e-01
-4.989977478981018066e-01
-7.925305366516113281e-01
5.681826472282409668e-01
-7.425622642040252686e-02
-1.538507640361785889e-01
-3.236364424228668213e-01
3.057422935962677002e-01
-1.179958105087280273e+00
-1.064849734306335449e+00
-1.550052046775817871e+00
3.116801977157592773e-01
5.402787923812866211e-01
9.488241672515869141e-01
-1.112409457564353943e-01
1.378303527832031250e+00
7.439031004905700684e-01
-1.209325715899467468e-01
-1.219350337982177734e+00
1.686262339353561401e-02
-3.468740582466125488e-01
-7.825883030891418457e-01
5.778027772903442383e-01
0.000000000000000000e+00
0.000000000000000000e+00
0.000000000000000000e+00
0.000000000000000000e+00
0.000000000000000000e+00
0.000000000000000000e+00
0.000000000000000000e+00
