-4.576071798801422119e-01
2.623616456985473633e-01
-3.168985247611999512e-01
-1.489436924457550049e-01
-1.262005805969238281e+00
-6.308932900428771973e-01
-8.581665158271789551e-01
1.913003064692020416e-02
3.416756987571716309e-01
8.791927695274353027e-01
-2.592051625251770020e-01
7.524619698524475098e-01
8.798608183860778809e-01
6.197757720947265625e-01
-6.737709045410156250e-01
5.786229372024536133e-01
2.640059590339660645e-01
2.573589324951171875e+00
-1.022846817970275879e+00
-6.079759597778320312e-01
8.188560009002685547e-01
-9.914417862892150879e-01
3.521338850259780884e-02
-4.960780441761016846e-01
-5.632113292813301086e-02
-3.242952227592468262e-01
-8.965801596641540527e-01
-1.319640278816223145e-01
4.080884456634521484e-01
5.011500120162963867e-01
-1.042538166046142578e+00
-2.498880624771118164e-01
-5.986753106117248535e-01
1.163312867283821106e-01
9.419475495815277100e-02
1.278976678848266602e+00
5.861430764198303223e-01
-1.028364151716232300e-02
-8.175569176673889160e-01
4.371362030506134033e-01
2.207148820161819458e-02
8.911854028701782227e-01
3.592002987861633301e-01
1.085052490234375000e+00
4.338298439979553223e-01
7.941316366195678711e-01
6.160713434219360352e-01
-3.952583670616149902e-01
-5.952041745185852051e-01
-5.503876209259033203e-01
-8.353556990623474121e-01
3.922655805945396423e-02
-1.886163055896759033e-01
2.256752997636795044e-01
3.107978999614715576e-01
-3.669427335262298584e-01
7.826286554336547852e-01
-7.687090635299682617e-01
-1.285038709640502930e+00
-9.633753895759582520e-01
2.887107431888580322e-01
-2.457910329103469849e-01
1.081893086433410645e+00
-9.005382657051086426e-01
-5.116922259330749512e-01
-5.556368231773376465e-01
-5.160468816757202148e-01
1.335544347763061523e+00
7.110264301300048828e-01
5.518592596054077148e-01
-4.608977958559989929e-02
2.296364307403564453e-01
1.331222951412200928e-01
-2.058512568473815918e-01
-5.557410717010498047e-01
8.797228801995515823e-04
9.603124260902404785e-01
9.282163977622985840e-01
-5.886926054954528809e-01
-6.987261176109313965e-01
5.457456707954406738e-01
-9.007645845413208008e-01
-2.472594827413558960e-01
7.573210000991821289e-01
4.770737588405609131e-01
-3.101466894149780273e-01
-2.346938103437423706e-01
2.187759876251220703e+00
3.592399954795837402e-01
7.472795844078063965e-01
2.080877870321273804e-01
6.647080183029174805e-01
-5.330825448036193848e-01
9.731715917587280273e-02
1.945488601922988892e-01
7.383446097373962402e-01
3.584896773099899292e-02
-3.321919739246368408e-01
3.411132991313934326e-01
3.880550861358642578e-01
0.000000000000000000e+00
0.000000000000000000e+00
0.000000000000000000e+00
0.000000000000000000e+00
