-1.775785386562347412e-01
3.162110149860382080e-01
-1.754559725522994995e-01
-1.630990803241729736e-01
-1.430757939815521240e-01
-8.718731403350830078e-01
-2.996337115764617920e-01
6.186064332723617554e-02
6.622985601425170898e-01
1.086673974990844727e+00
-3.788045942783355713e-01
6.418336629867553711e-01
1.481137752532958984e+00
-2.350505739450454712e-01
-1.211031556129455566e+00
6.000738739967346191e-01
5.180725082755088806e-02
1.013107895851135254e+00
4.786205664277076721e-02
-3.088202476501464844e-01
7.301872372627258301e-01
-7.902202010154724121e-01
-1.137314960360527039e-01
-5.336815714836120605e-01
-1.292613893747329712e-02
-4.052880108356475830e-01
-9.002163410186767578e-01
-7.695231437683105469e-01
3.778147995471954346e-01
5.300452113151550293e-01
-1.072871088981628418e+00
2.635110169649124146e-02
-5.638865232467651367e-01
3.999581038951873779e-01
-6.494414210319519043e-01
2.507581233978271484e+00
2.133843153715133667e-01
3.042276948690414429e-02
-7.027196288108825684e-01
5.674843192100524902e-01
6.614765524864196777e-02
8.051202297210693359e-01
4.820955991744995117e-01
1.221909999847412109e+00
3.258240818977355957e-01
6.353282928466796875e-01
4.001616239547729492e-01
-1.612585410475730896e-02
-7.212281823158264160e-01
-5.388482809066772461e-01
-9.433817863464355469e-01
2.685798406600952148e-01
2.109159948304295540e-03
2.399125844240188599e-01
4.333853423595428467e-01
1.613512158393859863e+00
6.969611048698425293e-01
-6.162438988685607910e-01
-4.327870309352874756e-01
-2.656488656997680664e+00
4.217125177383422852e-01
1.269798636436462402e+00
1.238930106163024902e+00
-7.563767433166503906e-01
-3.925315439701080322e-01
-2.213367819786071777e-01
-1.280188918113708496e+00
1.285989522933959961e+00
7.171350121498107910e-01
7.857144474983215332e-01
5.128476768732070923e-02
1.366602480411529541e-01
2.301078736782073975e-01
-2.511844635009765625e-01
2.581498026847839355e-01
3.470715284347534180e-01
1.456902384757995605e+00
1.150925278663635254e+00
-5.632122755050659180e-01
-4.144748151302337646e-01
2.905482947826385498e-01
-1.776265501976013184e+00
8.024805039167404175e-02
6.819075345993041992e-01
6.222025752067565918e-01
-4.163086414337158203e-01
-3.674413859844207764e-01
2.950772285461425781e+00
1.147787094116210938e+00
5.619252920150756836e-01
1.704972386360168457e-01
6.440614163875579834e-02
-4.294151663780212402e-01
4.271768964827060699e-03
5.135784149169921875e-01
6.086299419403076172e-01
-1.128698438405990601e-01
-2.753419876098632812e-01
5.814383029937744141e-01
2.526751160621643066e-01
0.000000000000000000e+00
0.000000000000000000e+00
0.000000000000000000e+00
0.000000000000000000e+00
0.000000000000000000e+00
