4.105612933635711670e-01
1.066981792449951172e+00
-1.132957577705383301e+00
-4.914140403270721436e-01
1.460573434829711914e+00
-6.332300305366516113e-01
-7.238114476203918457e-01
9.396395683288574219e-01
5.057386159896850586e-01
1.516365051269531250e+00
-4.440960586071014404e-01
-5.962440371513366699e-01
-4.699428379535675049e-01
1.330982923507690430e+00
8.197290897369384766e-01
-7.178705930709838867e-01
9.324651360511779785e-01
2.807573974132537842e-01
9.271758794784545898e-01
-8.092246055603027344e-01
4.245416522026062012e-01
-8.322625160217285156e-01
3.536087274551391602e-01
-5.826731920242309570e-01
9.440966248512268066e-01
-2.661587111651897430e-02
2.210447490215301514e-01
4.071446359157562256e-01
-3.393340110778808594e-01
-5.113030672073364258e-01
-8.267705887556076050e-02
-6.221501231193542480e-01
9.023771882057189941e-01
-1.091927103698253632e-02
8.356247097253799438e-02
2.290870845317840576e-01
5.700497627258300781e-01
-9.294040799140930176e-01
1.582495212554931641e+00
4.736029356718063354e-02
1.408388167619705200e-01
2.453498125076293945e+00
5.737197585403919220e-03
2.979857921600341797e-01
-1.662802100181579590e-01
-5.062592625617980957e-01
4.122319817543029785e-01
-1.776662319898605347e-01
8.413495421409606934e-01
6.542361974716186523e-01
3.033033609390258789e+00
1.480408245697617531e-03
-6.219234466552734375e-01
3.702053129673004150e-01
-3.855722248554229736e-01
-9.727737307548522949e-01
8.889469504356384277e-01
9.565360546112060547e-01
-4.155216217041015625e-01
-1.974682807922363281e-01
-8.471234440803527832e-01
-3.804605901241302490e-01
3.503088057041168213e-01
4.183190464973449707e-01
-5.295748114585876465e-01
-8.846805989742279053e-02
1.301434189081192017e-01
-5.019953250885009766e-01
7.376810312271118164e-01
4.543311297893524170e-01
1.029738485813140869e-01
-5.971261858940124512e-01
4.024692773818969727e-01
2.751178145408630371e-01
1.191694378852844238e+00
1.279686987400054932e-01
-4.759796559810638428e-01
1.348575353622436523e-01
1.651605844497680664e+00
1.226116493344306946e-01
7.351700067520141602e-01
8.595838546752929688e-01
3.209732770919799805e-01
-2.915626287460327148e+00
-3.095003664493560791e-01
-6.429634094238281250e-01
-1.100858688354492188e+00
-9.374399781227111816e-01
1.475464105606079102e+00
-7.755385041236877441e-01
4.734017848968505859e-01
1.030189037322998047e+00
-4.015122950077056885e-01
-3.551772832870483398e-01
-1.316210150718688965e+00
-2.481942772865295410e-01
-1.050396561622619629e+00
2.885053753852844238e-01
3.718085587024688721e-01
-1.794964820146560669e-01
0.000000000000000000e+00
0.000000000000000000e+00
0.000000000000000000e+00
0.000000000000000000e+00
0.000000000000000000e+00
0.000000000000000000e+00
0.000000000000000000e+00
0.000000000000000000e+00
0.000000000000000000e+00
0.000000000000000000e+00
0.000000000000000000e+00
0.000000000000000000e+00
0.000000000000000000e+00
0.000000000000000000e+00
