-1.801255531609058380e-02
1.076370120048522949e+00
-7.732281088829040527e-01
-1.087668776512145996e+00
4.305099844932556152e-01
-3.251923918724060059e-01
2.041678279638290405e-01
5.101578235626220703e-01
2.572744190692901611e-01
7.469349503517150879e-01
-3.771257698535919189e-01
-6.450438499450683594e-01
-5.261423587799072266e-01
4.620096683502197266e-01
7.441323399543762207e-01
-4.115995466709136963e-01
6.953471302986145020e-01
3.389210700988769531e-01
7.477682083845138550e-02
-4.617005586624145508e-01
3.291854262351989746e-01
4.043798446655273438e-01
3.773675560951232910e-01
-9.084287285804748535e-01
4.506191909313201904e-01
5.880038253962993622e-03
1.610185652971267700e-01
9.364737868309020996e-01
-2.116994857788085938e-01
-2.512611150741577148e-01
8.747473359107971191e-01
3.109816312789916992e-01
7.208240628242492676e-01
-3.441474735736846924e-01
1.107316970825195312e+00
1.947425305843353271e-01
1.125095605850219727e+00
-1.940122693777084351e-01
3.441885709762573242e+00
-6.448020786046981812e-02
-1.495908945798873901e-01
7.791557908058166504e-01
-2.092618644237518311e-01
-1.723889112472534180e-01
9.432672709226608276e-02
-3.371926546096801758e-01
2.933223545551300049e-01
-5.260381698608398438e-01
7.652723789215087891e-01
5.100339055061340332e-01
2.447364568710327148e+00
-1.295304059982299805e+00
-3.901161551475524902e-01
1.257187724113464355e-01
4.287554323673248291e-02
-8.651025891304016113e-01
7.741015553474426270e-01
7.594230175018310547e-01
-2.896203994750976562e-01
-1.595567464828491211e-01
5.171312391757965088e-02
-4.285130798816680908e-01
1.251770704984664917e-01
5.502206087112426758e-01
-2.651337087154388428e-01
1.606926083564758301e+00
-1.642116308212280273e-01
-4.973946511745452881e-01
7.410319447517395020e-01
2.526307404041290283e-01
3.241877853870391846e-01
-3.740794062614440918e-01
7.360339760780334473e-01
3.509165346622467041e-01
1.287200093269348145e+00
3.074505627155303955e-01
-2.629257440567016602e-01
2.334794551134109497e-01
1.113369464874267578e+00
-1.371494084596633911e-01
7.414029240608215332e-01
5.957166552543640137e-01
2.563482224941253662e-01
-3.983584940433502197e-01
-3.682641088962554932e-01
-5.289219021797180176e-01
-1.021366000175476074e+00
-9.886114001274108887e-01
8.412746787071228027e-01
-8.676602244377136230e-01
3.356588780879974365e-01
1.723387956619262695e+00
-2.223441898822784424e-01
-2.101927846670150757e-01
-1.607267498970031738e+00
-7.467184066772460938e-01
-3.202189207077026367e-01
1.578267514705657959e-01
1.530714631080627441e-01
3.292580842971801758e-01
0.000000000000000000e+00
0.000000000000000000e+00
0.000000000000000000e+00
0.000000000000000000e+00
