-1.415517181158065796e-01
3.571575284004211426e-01
-4.066314697265625000e-01
-6.549187004566192627e-02
-1.175559759140014648e+00
-3.412696123123168945e-01
-3.957554399967193604e-01
1.519399583339691162e-01
5.052164793014526367e-01
8.744800686836242676e-01
-8.217694759368896484e-01
5.676029920578002930e-01
-1.272055268287658691e+00
-2.001384347677230835e-01
-4.822973310947418213e-01
3.251381516456604004e-01
1.040669009089469910e-01
2.544454038143157959e-01
-5.918978452682495117e-01
-5.998742580413818359e-01
5.738460421562194824e-01
-2.865710258483886719e-01
7.109807431697845459e-02
-4.064866602420806885e-01
2.906903624534606934e-03
-4.627981185913085938e-01
-9.705806970596313477e-01
-2.565835602581501007e-02
4.236120581626892090e-01
4.950098693370819092e-01
-9.487276077270507812e-01
6.758286058902740479e-02
-3.724285364151000977e-01
3.902458250522613525e-01
1.145263668149709702e-02
6.870567798614501953e-01
3.786923289299011230e-01
-4.034551382064819336e-01
-5.975597500801086426e-01
6.002253890037536621e-01
4.773835092782974243e-02
6.528936028480529785e-01
9.126878380775451660e-01
9.555093646049499512e-01
2.917325198650360107e-01
5.801199078559875488e-01
3.401304483413696289e-01
-4.853804707527160645e-01
-6.069349646568298340e-01
-6.922414302825927734e-01
-2.626392841339111328e-01
7.063622027635574341e-02
-2.133687287569046021e-01
2.749072909355163574e-01
3.724943399429321289e-01
-2.296260118484497070e+00
5.391433238983154297e-01
-1.854521185159683228e-01
-8.778054118156433105e-01
-2.358893156051635742e+00
4.006680250167846680e-01
-2.104640454053878784e-01
9.127101898193359375e-01
-6.557515263557434082e-01
-3.941827714443206787e-01
-2.982847094535827637e-01
-4.360391795635223389e-01
1.389612317085266113e+00
7.178118824958801270e-01
2.731186449527740479e-01
1.656308770179748535e-02
1.377020120620727539e+00
1.706241667270660400e-01
-2.044443786144256592e-01
9.032715559005737305e-01
2.052485346794128418e-01
8.698634505271911621e-01
8.790938854217529297e-01
-4.807857573032379150e-01
-3.132174313068389893e-01
5.684415698051452637e-01
-9.433817863464355469e-01
-9.482879191637039185e-02
5.681568384170532227e-01
5.344262123107910156e-01
-2.796769738197326660e-01
-2.839784324169158936e-01
-1.023782849311828613e+00
2.409780323505401611e-01
4.016020298004150391e-01
-7.128943502902984619e-02
6.782180070877075195e-01
-4.536482393741607666e-01
9.247644990682601929e-02
4.100984036922454834e-01
5.553590655326843262e-01
-2.053328454494476318e-01
-5.351973772048950195e-01
1.148396968841552734e+00
2.318221330642700195e-01
0.000000000000000000e+00
0.000000000000000000e+00
0.000000000000000000e+00
0.000000000000000000e+00
