1.780794560909271240e-01
-3.999505564570426941e-02
2.828093767166137695e-01
5.590571165084838867e-01
-2.573700845241546631e-01
2.334338426589965820e-01
2.456192255020141602e+00
-1.114163622260093689e-01
1.041095852851867676e-01
6.426038593053817749e-02
8.009495139122009277e-01
6.987340450286865234e-01
-2.883507907390594482e-01
7.307967543601989746e-01
-5.869827792048454285e-02
-2.216080725193023682e-01
2.648823857307434082e-01
-1.046906188130378723e-01
-5.931349396705627441e-01
-9.728442430496215820e-01
6.317424178123474121e-01
4.922691583633422852e-01
1.021076083183288574e+00
-5.578795075416564941e-01
8.727338314056396484e-01
3.577171564102172852e-01
-2.681506574153900146e-01
-3.497988581657409668e-01
-8.703663945198059082e-01
6.293495297431945801e-01
5.283156037330627441e-01
1.492701888084411621e+00
-6.876016855239868164e-01
2.445605844259262085e-01
-5.458375215530395508e-01
8.291938900947570801e-01
5.487519502639770508e-01
7.972139120101928711e-01
-5.355322957038879395e-01
4.093863666057586670e-01
-1.296142101287841797e+00
-1.049382328987121582e+00
3.315419554710388184e-01
-3.611140847206115723e-01
8.584731221199035645e-01
3.374112844467163086e-01
3.528630435466766357e-01
6.033373475074768066e-01
8.185300230979919434e-02
9.526079893112182617e-01
2.595340251922607422e+00
4.122336506843566895e-01
7.301549315452575684e-01
-5.533853769302368164e-01
-2.138325273990631104e-01
1.285115927457809448e-01
1.366520524024963379e+00
-1.468244075775146484e+00
2.283637970685958862e-01
6.762427091598510742e-02
9.719627499580383301e-01
4.420819580554962158e-01
-1.412648081779479980e+00
5.745879411697387695e-01
8.612561821937561035e-01
-1.576822400093078613e-01
-1.813350915908813477e-01
-2.982169985771179199e-01
-7.719453424215316772e-02
-1.057292342185974121e+00
-1.475768834352493286e-01
6.750725507736206055e-01
4.363284111022949219e-01
-8.945643305778503418e-01
-6.867692470550537109e-01
1.027562022209167480e+00
-9.288448691368103027e-01
2.068416327238082886e-01
-5.976321101188659668e-01
1.448886245489120483e-01
8.013970851898193359e-01
1.426932960748672485e-02
-5.429770350456237793e-01
-4.757826924324035645e-01
3.086424767971038818e-01
-6.406388282775878906e-01
1.117340803146362305e+00
1.231043487787246704e-01
1.561788022518157959e-01
4.026468694210052490e-01
1.059201240539550781e+00
-7.791578024625778198e-02
8.806446939706802368e-02
-3.475272655487060547e-01
-6.296803951263427734e-01
-7.945485711097717285e-01
3.385015130043029785e-01
-3.764495849609375000e-01
-7.662323117256164551e-01
-7.202568054199218750e-01
0.000000000000000000e+00
0.000000000000000000e+00
0.000000000000000000e+00
0.000000000000000000e+00
0.000000000000000000e+00
0.000000000000000000e+00
