-1.128684401512145996e+00
-9.259542226791381836e-01
3.901280164718627930e-01
4.138770401477813721e-01
-6.824803948402404785e-01
1.296810805797576904e-01
2.892698526382446289e+00
-2.052687853574752808e-01
1.700493856333196163e-03
1.611771434545516968e-01
8.011768460273742676e-01
1.044461607933044434e+00
-4.845154285430908203e-01
1.928204298019409180e+00
-1.110953465104103088e-01
-2.988372147083282471e-01
6.193502545356750488e-01
-4.110766351222991943e-01
-6.083722114562988281e-01
1.388235241174697876e-01
7.052030563354492188e-01
9.196330308914184570e-01
1.032492399215698242e+00
-5.790905952453613281e-01
9.911764860153198242e-01
8.675509095191955566e-01
-9.360057711601257324e-01
-2.575580477714538574e-01
-1.666415572166442871e+00
8.842429518699645996e-01
5.678461790084838867e-01
1.100548505783081055e+00
-1.026924133300781250e+00
2.388668209314346313e-01
-2.225207537412643433e-01
1.182767748832702637e+00
2.862103581428527832e-01
5.855820178985595703e-01
-5.395085811614990234e-01
-7.191452980041503906e-01
-5.745192170143127441e-01
-3.130406856536865234e+00
8.437814712524414062e-01
-1.009778857231140137e+00
6.449490785598754883e-01
3.309265375137329102e-01
2.548324763774871826e-01
8.162464499473571777e-01
3.605744615197181702e-02
1.770440936088562012e+00
1.531911730766296387e+00
7.538078427314758301e-01
4.994118213653564453e-01
-5.657250285148620605e-01
-4.197001755237579346e-01
7.424203157424926758e-01
9.690251350402832031e-01
-1.789658963680267334e-01
5.289891958236694336e-01
-3.672241792082786560e-02
2.320358037948608398e+00
9.150943756103515625e-01
-3.974111080169677734e-01
5.200994014739990234e-01
6.695895195007324219e-01
-1.770806461572647095e-01
-2.170079797506332397e-01
-5.575297474861145020e-01
-3.078886270523071289e-01
-1.578399538993835449e+00
-1.469466835260391235e-02
1.206187725067138672e+00
2.937899827957153320e-01
-9.803201556205749512e-01
-8.533521294593811035e-01
6.347894668579101562e-01
-1.083704948425292969e+00
-6.677698493003845215e-01
-5.531890392303466797e-01
8.590441942214965820e-01
5.300717949867248535e-01
1.033172458410263062e-01
-6.577906608581542969e-01
-4.312646687030792236e-01
6.070450544357299805e-01
1.117451310157775879e+00
5.773946046829223633e-01
-1.980502903461456299e-01
6.131339073181152344e-01
4.864761531352996826e-01
6.924787163734436035e-01
-4.057121276855468750e-01
8.770208954811096191e-01
-1.025291919708251953e+00
9.621636569499969482e-02
-7.698143720626831055e-01
3.629370331764221191e-01
-5.240036249160766602e-01
-1.110636353492736816e+00
-9.816777706146240234e-01
0.000000000000000000e+00
0.000000000000000000e+00
0.000000000000000000e+00
0.000000000000000000e+00
0.000000000000000000e+00
0.000000000000000000e+00
0.000000000000000000e+00
0.000000000000000000e+00
0.000000000000000000e+00
0.000000000000000000e+00
0.000000000000000000e+00
0.000000000000000000e+00
0.000000000000000000e+00
0.000000000000000000e+00
0.000000000000000000e+00
0.000000000000000000e+00
