-2.284271419048309326e-01
-2.015183866024017334e-01
4.817441701889038086e-01
5.991771817207336426e-01
1.176587417721748352e-01
6.089427471160888672e-01
-1.035029292106628418e+00
9.539692848920822144e-02
4.927330315113067627e-01
-4.210913181304931641e-01
-2.827000021934509277e-01
-6.359383463859558105e-01
6.451494693756103516e-01
-5.394751951098442078e-02
-1.865158081054687500e-01
-5.823019146919250488e-01
-9.422310590744018555e-01
-1.505705416202545166e-01
-2.091421633958816528e-01
5.337517261505126953e-01
4.366521537303924561e-01
6.348576545715332031e-01
-5.331664085388183594e-01
-1.529521197080612183e-01
2.779433965682983398e+00
-3.021109998226165771e-01
4.893551766872406006e-01
-9.498636722564697266e-01
-3.970268368721008301e-01
4.871799647808074951e-01
-1.687302887439727783e-01
-1.254465579986572266e+00
1.354819297790527344e+00
5.165973305702209473e-01
-7.235951423645019531e-01
-4.292408227920532227e-01
-1.875175237655639648e-01
4.646899998188018799e-01
1.163149997591972351e-01
2.503166794776916504e-01
-4.191022515296936035e-01
7.677277922630310059e-01
1.061103940010070801e+00
-6.196571588516235352e-01
3.348903357982635498e-01
3.023963272571563721e-01
5.863810181617736816e-01
-1.099895834922790527e-01
-1.099846214056015015e-01
7.134535312652587891e-01
4.032783210277557373e-02
-1.874454259872436523e+00
2.201785892248153687e-01
-4.760287702083587646e-01
-4.011411964893341064e-01
9.336726069450378418e-01
5.861733555793762207e-01
-6.354358196258544922e-01
2.744606323540210724e-02
-2.303437590599060059e-01
5.841343402862548828e-01
-1.204681754112243652e+00
5.258970856666564941e-01
-2.298679947853088379e-01
-2.273133993148803711e-01
5.935921072959899902e-01
-6.419302225112915039e-01
-1.593034714460372925e-01
3.163420557975769043e-01
4.635625481605529785e-01
2.806896269321441650e-01
-5.745793581008911133e-01
5.108352303504943848e-01
-5.090508610010147095e-02
-6.421964764595031738e-01
6.611328125000000000e-01
3.990301117300987244e-02
9.429337382316589355e-01
3.670044541358947754e-01
-7.356756925582885742e-01
-5.114932656288146973e-01
-1.652837246656417847e-01
-5.451337099075317383e-01
1.224226236343383789e+00
-8.502396345138549805e-01
1.709923893213272095e-01
-6.431470513343811035e-01
-3.286935985088348389e-01
5.714491605758666992e-01
-4.004643261432647705e-01
-1.311175804585218430e-02
4.802138805389404297e-01
-5.136926174163818359e-01
4.304702281951904297e-01
-9.951137304306030273e-01
-1.032837666571140289e-02
1.239410564303398132e-01
-1.980990320444107056e-01
-2.441039979457855225e-01
5.381323695182800293e-01
0.000000000000000000e+00
0.000000000000000000e+00
0.000000000000000000e+00
0.000000000000000000e+00
0.000000000000000000e+00
