-1.156579732894897461e+00
7.190879583358764648e-01
-1.169452309608459473e+00
-1.047643661499023438e+00
9.217832088470458984e-01
-3.576115667819976807e-01
-7.257876396179199219e-01
4.389044344425201416e-01
4.104171991348266602e-01
2.662837266921997070e+00
-4.168834090232849121e-01
-3.442166447639465332e-01
-3.791109323501586914e-01
6.732632517814636230e-01
9.164302349090576172e-01
-5.532987713813781738e-01
6.491045355796813965e-01
3.971071243286132812e-01
5.307852029800415039e-01
-9.306376576423645020e-01
2.930925488471984863e-01
-1.604101181030273438e+00
6.400064826011657715e-01
-6.047327518463134766e-01
3.035200238227844238e-01
1.840823143720626831e-01
1.936501264572143555e-01
1.587868034839630127e-01
-2.601881623268127441e-01
-3.892034590244293213e-01
1.456607431173324585e-01
8.944439888000488281e-02
9.624574184417724609e-01
-5.858300328254699707e-01
1.023506402969360352e+00
1.827052533626556396e-01
5.836006402969360352e-01
-4.583546519279479980e-01
1.577706098556518555e+00
4.185687899589538574e-01
4.259262233972549438e-02
1.175648331642150879e+00
-3.693675994873046875e-02
3.476944565773010254e-02
7.185740470886230469e-01
-5.336310863494873047e-01
3.945330679416656494e-01
-2.828034162521362305e-01
2.049739122390747070e+00
6.880090236663818359e-01
-9.465855956077575684e-01
9.314166903495788574e-01
-4.530002474784851074e-01
1.129777729511260986e-01
2.528669238090515137e-01
3.275014162063598633e+00
1.428544759750366211e+00
9.417099356651306152e-01
-4.992264211177825928e-01
-1.857035607099533081e-01
-2.106542825698852539e+00
-3.798917233943939209e-01
2.504550516605377197e-01
5.563451051712036133e-01
-1.291872262954711914e-01
-1.102158427238464355e-01
1.852235943078994751e-02
-1.814878940582275391e+00
6.281337141990661621e-01
4.404997825622558594e-01
2.398516684770584106e-01
-6.245357394218444824e-01
6.148021817207336426e-01
6.519063711166381836e-01
-2.294377610087394714e-02
3.606303036212921143e-01
-2.725603580474853516e-01
1.559216380119323730e-01
1.630769371986389160e+00
-6.719029694795608521e-02
7.075321078300476074e-01
3.778859078884124756e-01
5.209347605705261230e-01
2.824980616569519043e-01
-4.405522346496582031e-01
-6.378134489059448242e-01
-1.139070391654968262e+00
-8.994756340980529785e-01
1.154252052307128906e+00
-8.890523910522460938e-01
7.028927206993103027e-01
1.201863050460815430e+00
-3.608548045158386230e-01
-3.243614137172698975e-01
-3.936586081981658936e-01
-4.965907037258148193e-01
-1.016985774040222168e+00
1.979074925184249878e-01
3.972251415252685547e-01
6.213421821594238281e-01
0.000000000000000000e+00
0.000000000000000000e+00
0.000000000000000000e+00
0.000000000000000000e+00
0.000000000000000000e+00
0.000000000000000000e+00
0.000000000000000000e+00
0.000000000000000000e+00
0.000000000000000000e+00
0.000000000000000000e+00
0.000000000000000000e+00
0.000000000000000000e+00
0.000000000000000000e+00
0.000000000000000000e+00
0.000000000000000000e+00
0.000000000000000000e+00
0.000000000000000000e+00
