-2.361296415328979492e-01
3.348216712474822998e-01
-1.079538464546203613e-01
-1.316535174846649170e-01
-9.714884310960769653e-02
-4.716395735740661621e-01
-3.253018260002136230e-01
-5.560045242309570312e-01
4.555969536304473877e-01
4.616322517395019531e-01
-7.144919633865356445e-01
3.569932281970977783e-01
1.382430195808410645e+00
-3.093962967395782471e-01
-7.735362052917480469e-01
4.031861945986747742e-02
1.202985942363739014e-01
2.678254604339599609e+00
1.370945200324058533e-02
-6.359276771545410156e-01
5.447412729263305664e-01
-1.401211768388748169e-01
-3.980357199907302856e-02
-4.528804123401641846e-01
-6.026342976838350296e-03
-4.195647239685058594e-01
-1.550284981727600098e+00
-2.833463251590728760e-03
3.449219465255737305e-01
4.496656656265258789e-01
-9.532885551452636719e-01
1.553713679313659668e-01
-4.177100062370300293e-01
1.004715040326118469e-01
1.367210745811462402e-01
5.895512104034423828e-01
4.688810408115386963e-01
-2.664247341454029083e-02
-5.642185211181640625e-01
4.364355802536010742e-01
4.815427958965301514e-01
6.017742753028869629e-01
7.441284251399338245e-04
1.235699176788330078e+00
4.182347655296325684e-01
5.149616599082946777e-01
2.785005569458007812e-01
-1.228544712066650391e-01
-6.212410330772399902e-01
-1.306569814682006836e+00
-4.507455229759216309e-01
6.705904603004455566e-01
-2.038322240114212036e-01
2.187599092721939087e-01
4.177812337875366211e-01
-2.623547792434692383e+00
5.117612481117248535e-01
5.078330039978027344e-01
-4.393097460269927979e-01
-8.893682360649108887e-01
2.690341770648956299e-01
9.307882785797119141e-01
1.101337194442749023e+00
-5.992136001586914062e-01
-4.470337033271789551e-01
-3.746070265769958496e-01
-5.987544655799865723e-01
1.460020899772644043e+00
6.857148408889770508e-01
6.736663579940795898e-01
1.674026399850845337e-01
1.087362885475158691e+00
-1.243512053042650223e-02
-1.621827781200408936e-01
-2.253291457891464233e-01
2.771412432193756104e-01
1.013102054595947266e+00
4.191360771656036377e-01
-4.174386560916900635e-01
-4.616336524486541748e-01
3.069598376750946045e-01
-9.409342408180236816e-01
1.056738756597042084e-02
3.563126921653747559e-01
5.591288805007934570e-01
-2.556899487972259521e-01
-6.786107420921325684e-01
8.373363316059112549e-02
3.076877295970916748e-01
8.108763694763183594e-01
2.489426881074905396e-01
1.327030897140502930e+00
-7.882195115089416504e-01
9.168730676174163818e-02
4.075039327144622803e-01
5.259260535240173340e-01
-8.573245257139205933e-02
-4.733664691448211670e-01
1.985318511724472046e-01
1.070370301604270935e-01
0.000000000000000000e+00
0.000000000000000000e+00
0.000000000000000000e+00
0.000000000000000000e+00
0.000000000000000000e+00
