-1.011294350028038025e-01
1.109754107892513275e-02
3.970581889152526855e-01
6.955899000167846680e-01
-2.261782735586166382e-01
8.832060545682907104e-02
7.132194638252258301e-01
1.773272641003131866e-02
3.683831915259361267e-02
3.938444554805755615e-01
5.101019144058227539e-01
5.144323706626892090e-01
-3.207959830760955811e-01
7.095930576324462891e-01
-2.101015672087669373e-02
-1.621493399143218994e-01
3.837256431579589844e-01
-2.760519385337829590e-01
-1.258190989494323730e+00
-2.614463269710540771e-01
4.498958587646484375e-01
7.777311205863952637e-01
1.785295724868774414e+00
-3.430906832218170166e-01
6.377835869789123535e-01
5.000545978546142578e-01
-4.245815277099609375e-01
-1.805620342493057251e-01
-3.649164736270904541e-01
2.858799695968627930e-01
-3.812659084796905518e-01
3.962423205375671387e-01
-7.077912092208862305e-01
2.727425694465637207e-01
-9.844763576984405518e-02
5.585836172103881836e-01
4.150061011314392090e-01
4.376486539840698242e-01
-4.787603616714477539e-01
1.202110201120376587e-01
-8.308348655700683594e-01
-8.806614279747009277e-01
1.222513765096664429e-01
-4.145311713218688965e-01
-2.143616601824760437e-02
2.510448545217514038e-02
5.442269444465637207e-01
5.490781664848327637e-01
1.216566264629364014e-01
7.633339762687683105e-01
1.374228239059448242e+00
1.324659883975982666e-01
2.296359539031982422e-01
-7.038043737411499023e-01
-3.060509264469146729e-01
5.481477975845336914e-01
-6.947183609008789062e-01
-1.581156015396118164e+00
4.209963381290435791e-01
3.601890057325363159e-02
7.548876404762268066e-01
3.462853431701660156e-01
-1.494865179061889648e+00
4.224884212017059326e-01
4.789779782295227051e-01
-6.385220885276794434e-01
-2.459100931882858276e-01
-8.773413896560668945e-01
-4.919588565826416016e-01
-1.016393423080444336e+00
1.137847080826759338e-01
1.468777418136596680e+00
3.462574183940887451e-01
-6.353531479835510254e-01
-6.228585243225097656e-01
1.313355684280395508e+00
-9.308899044990539551e-01
3.691910505294799805e-01
-4.025156199932098389e-01
3.570440709590911865e-01
4.824850261211395264e-01
-2.992453277111053467e-01
-8.775826692581176758e-01
-3.729457855224609375e-01
1.660456508398056030e-01
-5.215557813644409180e-01
-2.643667936325073242e+00
-6.395406723022460938e-01
3.932891190052032471e-01
7.580371499061584473e-01
1.036531925201416016e+00
9.996795654296875000e-01
1.692240595817565918e+00
-3.138296008110046387e-01
-1.352808922529220581e-01
-6.932642459869384766e-01
2.121235281229019165e-01
-3.193257749080657959e-01
-7.314971685409545898e-01
2.750480413436889648e+00
0.000000000000000000e+00
0.000000000000000000e+00
0.000000000000000000e+00
0.000000000000000000e+00
0.000000000000000000e+00
