-2.292895317077636719e-01
9.145451784133911133e-01
-9.200691580772399902e-01
-6.820493340492248535e-01
5.001177191734313965e-01
-5.551801323890686035e-01
-6.891897320747375488e-01
8.704684972763061523e-01
3.632398247718811035e-01
1.707113981246948242e+00
-6.924244165420532227e-01
-5.095788240432739258e-01
-5.722346305847167969e-01
7.099959254264831543e-01
7.059414982795715332e-01
-6.042551994323730469e-01
8.947615027427673340e-01
9.053306281566619873e-02
-1.719286292791366577e-01
-8.149473071098327637e-01
2.245481461286544800e-01
8.154962062835693359e-01
4.890882670879364014e-01
-8.573727011680603027e-01
6.829917430877685547e-01
3.286109864711761475e-01
3.186945319175720215e-01
4.276492893695831299e-01
-1.096677541732788086e+00
-5.539617538452148438e-01
2.327957153320312500e-01
-4.837706312537193298e-02
9.699463248252868652e-01
-7.858745455741882324e-01
1.015594005584716797e+00
1.883587092161178589e-01
4.580664932727813721e-01
-5.102933645248413086e-01
1.520179390907287598e+00
-8.192546665668487549e-02
2.652084827423095703e-01
9.909084439277648926e-01
-3.417340666055679321e-02
-1.139988936483860016e-02
-9.943828918039798737e-03
-4.701841175556182861e-01
5.058289170265197754e-01
-3.775092661380767822e-01
1.073144197463989258e+00
7.117339372634887695e-01
3.103307962417602539e+00
3.093233704566955566e-01
-7.626488208770751953e-01
1.703493595123291016e-01
9.428435564041137695e-02
-9.828423857688903809e-01
1.727568745613098145e+00
9.059265255928039551e-01
-5.986764430999755859e-01
-1.956250816583633423e-01
-2.166914224624633789e+00
-6.152250766754150391e-01
4.457449316978454590e-01
9.302346110343933105e-01
-4.307595193386077881e-01
2.228419929742813110e-01
-2.476220726966857910e-01
-1.226678729057312012e+00
6.234993934631347656e-01
2.430673092603683472e-01
4.154465496540069580e-01
-4.620318710803985596e-01
3.524879217147827148e-01
7.110319137573242188e-01
1.199380040168762207e+00
6.554200500249862671e-02
-5.828797444701194763e-02
1.483686715364456177e-01
1.637167572975158691e+00
4.306314587593078613e-01
-1.817068755626678467e-01
8.871052265167236328e-01
3.472935557365417480e-01
-1.739775776863098145e+00
-4.671866595745086670e-01
-5.487418770790100098e-01
-1.173060655593872070e+00
-8.416895270347595215e-01
3.054164409637451172e+00
-5.771836042404174805e-01
6.465272903442382812e-01
2.036965370178222656e+00
-3.170705139636993408e-01
-1.418998241424560547e-01
-3.886129260063171387e-01
-1.510312110185623169e-01
-7.797757387161254883e-01
3.255184888839721680e-01
4.442489147186279297e-01
1.158023029565811157e-01
0.000000000000000000e+00
0.000000000000000000e+00
0.000000000000000000e+00
0.000000000000000000e+00
0.000000000000000000e+00
0.000000000000000000e+00
0.000000000000000000e+00
0.000000000000000000e+00
0.000000000000000000e+00
0.000000000000000000e+00
0.000000000000000000e+00
0.000000000000000000e+00
0.000000000000000000e+00
0.000000000000000000e+00
0.000000000000000000e+00
0.000000000000000000e+00
