3.792477846145629883e-01
5.661025047302246094e-01
-1.549850821495056152e+00
-7.566792368888854980e-01
9.192298054695129395e-01
-1.100672110915184021e-01
-7.084670066833496094e-01
5.250440239906311035e-01
3.034974634647369385e-01
2.061542510986328125e+00
-3.172661960124969482e-01
-4.254053831100463867e-01
-5.832392349839210510e-02
1.389340639114379883e+00
8.548818230628967285e-01
-9.349575042724609375e-01
1.467795372009277344e+00
1.383851915597915649e-01
9.814921617507934570e-01
-7.416188120841979980e-01
2.745896875858306885e-01
-1.195046380162239075e-01
2.865455448627471924e-01
-5.741347670555114746e-01
4.052626788616180420e-01
3.959492146968841553e-01
1.320821642875671387e-01
3.854033350944519043e-01
-4.264799654483795166e-01
-7.051343321800231934e-01
2.838794708251953125e+00
3.298965469002723694e-02
1.166529774665832520e+00
-1.023983955383300781e+00
1.160900115966796875e+00
1.316917389631271362e-01
7.170829176902770996e-01
-2.302242815494537354e-01
1.605689048767089844e+00
5.023768544197082520e-01
-2.472049444913864136e-01
1.333848834037780762e+00
-2.646944858133792877e-02
2.717975154519081116e-02
3.721541538834571838e-02
-6.826298832893371582e-01
6.040791869163513184e-01
-3.588054180145263672e-01
7.694104313850402832e-01
9.101288318634033203e-01
1.867664903402328491e-01
9.277247190475463867e-01
-6.683226674795150757e-04
7.193837165832519531e-01
-9.403902105987071991e-03
-9.499314427375793457e-01
1.558036208152770996e+00
1.099507451057434082e+00
-9.605001658201217651e-02
-1.065424606204032898e-01
1.897841095924377441e-01
-2.648445069789886475e-01
-1.516080088913440704e-02
7.322466373443603516e-01
1.561035662889480591e-01
-1.444858759641647339e-01
3.525156527757644653e-02
-5.182361602783203125e-01
7.692505121231079102e-01
4.884060621261596680e-01
1.107410907745361328e+00
-3.833700418472290039e-01
6.357004046440124512e-01
4.119351208209991455e-01
1.141524672508239746e+00
-2.458979785442352295e-01
-1.439451575279235840e-01
1.152680873870849609e+00
1.631304740905761719e+00
6.990897059440612793e-01
8.460277915000915527e-01
7.403663992881774902e-01
6.037480235099792480e-01
9.818621724843978882e-02
-2.755813002586364746e-01
-3.882524967193603516e-01
-1.109586834907531738e+00
-1.011886239051818848e+00
3.310866594314575195e+00
-8.203155398368835449e-01
3.964153528213500977e-01
7.615820169448852539e-01
-3.140437006950378418e-01
4.918185248970985413e-02
-4.116473495960235596e-01
-7.435609400272369385e-02
-1.036950230598449707e+00
3.920626640319824219e-02
5.669425725936889648e-01
3.517537713050842285e-01
0.000000000000000000e+00
0.000000000000000000e+00
0.000000000000000000e+00
0.000000000000000000e+00
0.000000000000000000e+00
0.000000000000000000e+00
0.000000000000000000e+00
0.000000000000000000e+00
0.000000000000000000e+00
0.000000000000000000e+00
0.000000000000000000e+00
0.000000000000000000e+00
0.000000000000000000e+00
0.000000000000000000e+00
