-4.604609310626983643e-02
1.427334547042846680e+00
-2.653845310211181641e+00
-9.098197817802429199e-01
6.847673654556274414e-01
-3.100834190845489502e-01
-7.410447597503662109e-01
9.221234321594238281e-01
3.688818514347076416e-01
1.474494099617004395e+00
-4.245006144046783447e-01
-5.032610893249511719e-01
-7.330983877182006836e-01
6.108590364456176758e-01
8.971313238143920898e-01
-6.533246636390686035e-01
9.320212602615356445e-01
1.404691785573959351e-01
1.773357540369033813e-01
-9.625744223594665527e-01
4.127721786499023438e-01
-2.783584892749786377e-01
6.156717538833618164e-01
-7.219221591949462891e-01
6.028264760971069336e-01
-2.384879887104034424e-01
-1.504072397947311401e-01
4.259389340877532959e-01
-1.053888276219367981e-01
-4.746912419795989990e-01
3.255275964736938477e+00
1.901520490646362305e-01
1.045416355133056641e+00
-9.129023551940917969e-02
1.135493159294128418e+00
3.656183779239654541e-01
5.078147649765014648e-01
-4.034667015075683594e-01
1.618300676345825195e+00
4.976418018341064453e-01
6.376290321350097656e-01
1.398814916610717773e+00
-1.262674760073423386e-02
3.872117698192596436e-01
1.396598368883132935e-01
-6.827179789543151855e-01
6.171984672546386719e-01
-8.984437584877014160e-01
8.616223931312561035e-01
7.207884192466735840e-01
2.086053341627120972e-01
9.049029946327209473e-01
3.409074842929840088e-01
-2.053224146366119385e-01
3.529472053050994873e-01
-9.578241705894470215e-01
1.268645167350769043e+00
9.949151873588562012e-01
-7.574015855789184570e-01
-6.034502387046813965e-01
2.009135335683822632e-01
-3.231033384799957275e-01
-4.066083207726478577e-02
5.293318629264831543e-01
-6.203117370605468750e-01
1.396002531051635742e+00
-3.555088937282562256e-01
-6.047514081001281738e-01
8.157348036766052246e-01
2.037137150764465332e-01
1.357642374932765961e-02
-5.274627208709716797e-01
3.628909289836883545e-01
-7.566509842872619629e-01
1.157742023468017578e+00
3.313687443733215332e-01
-4.047603011131286621e-01
6.165848374366760254e-01
1.559295535087585449e+00
3.257592022418975830e-01
6.411461234092712402e-01
7.563363909721374512e-01
3.819570839405059814e-01
-1.273605346679687500e+00
-5.151013731956481934e-01
-1.703152209520339966e-01
-1.133584141731262207e+00
-9.097111225128173828e-01
3.121392726898193359e+00
-8.940868377685546875e-01
6.645371317863464355e-01
1.197601795196533203e+00
-4.503031075000762939e-01
-4.513600766658782959e-01
-4.158159494400024414e-01
-5.865243077278137207e-01
-1.050549149513244629e+00
5.472210645675659180e-01
2.261929214000701904e-01
1.766058057546615601e-01
0.000000000000000000e+00
0.000000000000000000e+00
0.000000000000000000e+00
0.000000000000000000e+00
0.000000000000000000e+00
0.000000000000000000e+00
0.000000000000000000e+00
0.000000000000000000e+00
0.000000000000000000e+00
0.000000000000000000e+00
0.000000000000000000e+00
0.000000000000000000e+00
0.000000000000000000e+00
0.000000000000000000e+00
