2.684482932090759277e-01
1.192601203918457031e+00
-2.543136119842529297e+00
-1.086228728294372559e+00
7.432937026023864746e-01
-2.720129191875457764e-01
-6.952475309371948242e-01
9.554278850555419922e-01
3.436986804008483887e-01
1.687097191810607910e+00
-3.674884736537933350e-01
-4.308836162090301514e-01
-3.648590743541717529e-01
7.546179294586181641e-01
6.614155769348144531e-01
-6.049622297286987305e-01
1.264694333076477051e+00
3.892178833484649658e-01
2.014933526515960693e-01
-8.175672888755798340e-01
3.518079519271850586e-01
5.466694235801696777e-01
9.107517600059509277e-01
-6.887990832328796387e-01
4.867401421070098877e-01
5.406928658485412598e-01
3.941840827465057373e-01
3.046456575393676758e-01
-2.698472701013088226e-02
-3.292036056518554688e-01
8.199198842048645020e-01
-2.515072003006935120e-02
1.025129556655883789e+00
-6.830089688301086426e-01
1.126739740371704102e+00
3.375935554504394531e-01
7.201221585273742676e-01
-3.800655603408813477e-01
1.572206616401672363e+00
1.436282098293304443e-01
-6.775663048028945923e-02
1.672377228736877441e+00
-1.719502545893192291e-02
-2.971890382468700409e-02
8.599279522895812988e-01
-5.066906213760375977e-01
5.623598098754882812e-01
-2.073311209678649902e-01
1.162691235542297363e+00
8.699293732643127441e-01
2.976062774658203125e+00
9.305683970451354980e-01
-1.120359539985656738e+00
5.351696610450744629e-01
4.160654246807098389e-01
-7.219370603561401367e-01
1.077937483787536621e+00
9.195521473884582520e-01
-7.207887172698974609e-01
-1.531094461679458618e-01
1.049070283770561218e-01
-3.906399607658386230e-01
-1.033427491784095764e-01
6.064265370368957520e-01
1.496634632349014282e-02
-2.385451793670654297e-01
-1.848036795854568481e-01
-7.048227190971374512e-01
4.803116023540496826e-01
4.704979360103607178e-01
1.909932941198348999e-01
-3.164876997470855713e-01
4.760676324367523193e-01
5.613769292831420898e-01
1.135724902153015137e+00
4.996587634086608887e-01
-1.342346072196960449e-01
2.859262228012084961e-01
1.563458323478698730e+00
-7.443267703056335449e-01
9.103786945343017578e-01
2.905456349253654480e-02
4.790183007717132568e-01
-1.999865174293518066e+00
-5.662097930908203125e-01
-7.641062736511230469e-01
-9.682156443595886230e-01
-9.668232798576354980e-01
1.866281986236572266e+00
-4.775584638118743896e-01
4.323188066482543945e-01
7.910804152488708496e-01
-4.549298882484436035e-01
-3.103263974189758301e-01
-4.257854223251342773e-01
-3.110745549201965332e-01
-6.217098236083984375e-01
1.610391736030578613e-01
5.265013575553894043e-01
4.419620037078857422e-01
0.000000000000000000e+00
0.000000000000000000e+00
0.000000000000000000e+00
0.000000000000000000e+00
0.000000000000000000e+00
0.000000000000000000e+00
0.000000000000000000e+00
0.000000000000000000e+00
0.000000000000000000e+00
0.000000000000000000e+00
0.000000000000000000e+00
0.000000000000000000e+00
0.000000000000000000e+00
0.000000000000000000e+00
0.000000000000000000e+00
0.000000000000000000e+00
0.000000000000000000e+00
