2.772451937198638916e-01
8.240460753440856934e-01
-7.938140630722045898e-01
-8.732972741127014160e-01
1.982003688812255859e+00
-3.067574203014373779e-01
-7.258248925209045410e-01
8.097002506256103516e-01
4.195276498794555664e-01
1.241856694221496582e+00
-3.371589779853820801e-01
-2.180887162685394287e-01
-4.601096510887145996e-01
6.776655316352844238e-01
8.362660408020019531e-01
-7.037789225578308105e-01
1.379059553146362305e+00
2.927276790142059326e-01
-1.242483109235763550e-01
-8.645149469375610352e-01
3.755281567573547363e-01
-7.872028350830078125e-01
6.050744652748107910e-01
-8.145763874053955078e-01
6.054928898811340332e-01
2.220887988805770874e-01
1.915529370307922363e-01
4.082338213920593262e-01
1.890588998794555664e-01
-5.835199356079101562e-01
3.186412811279296875e+00
2.416653782129287720e-01
9.817309975624084473e-01
-1.885112375020980835e-01
-7.712897062301635742e-01
6.083481907844543457e-01
6.236867904663085938e-01
-4.732043743133544922e-01
1.532170176506042480e+00
4.464244842529296875e-01
1.339435875415802002e-01
2.368089556694030762e-01
-2.060878276824951172e-02
8.293715715408325195e-01
1.808352172374725342e-01
-6.509073972702026367e-01
5.870308279991149902e-01
-3.402512967586517334e-01
1.104606866836547852e+00
5.572084188461303711e-01
-8.845200538635253906e-01
9.862167835235595703e-01
3.382055833935737610e-02
1.004208773374557495e-01
-6.220582127571105957e-02
4.714218378067016602e-01
1.183217644691467285e+00
4.904506802558898926e-01
-6.770681142807006836e-01
-1.732298731803894043e-01
-4.025803878903388977e-03
-3.189144730567932129e-01
-7.772284001111984253e-02
5.991655588150024414e-01
-4.146250188350677490e-01
1.885606050491333008e-01
-6.796977669000625610e-02
-9.222210645675659180e-01
6.892763376235961914e-01
2.461316585540771484e-01
1.619811654090881348e-01
-5.819743871688842773e-01
6.185777783393859863e-01
6.781736016273498535e-01
1.134355306625366211e+00
3.740204274654388428e-01
-3.992512524127960205e-01
2.601368129253387451e-01
1.558071970939636230e+00
1.333997547626495361e-01
6.550992131233215332e-01
8.260859251022338867e-01
4.962224364280700684e-01
-2.359192132949829102e+00
-4.700366854667663574e-01
-5.402008891105651855e-01
-1.118166685104370117e+00
-9.578127861022949219e-01
2.719074487686157227e+00
-8.428686857223510742e-01
-5.966443195939064026e-02
1.170347690582275391e+00
-3.993025720119476318e-01
-2.055998444557189941e-01
-1.057823419570922852e+00
-3.678615391254425049e-01
-9.096669554710388184e-01
1.964731812477111816e-01
3.611302077770233154e-01
5.374623537063598633e-01
0.000000000000000000e+00
0.000000000000000000e+00
0.000000000000000000e+00
0.000000000000000000e+00
0.000000000000000000e+00
0.000000000000000000e+00
0.000000000000000000e+00
0.000000000000000000e+00
0.000000000000000000e+00
0.000000000000000000e+00
0.000000000000000000e+00
0.000000000000000000e+00
0.000000000000000000e+00
0.000000000000000000e+00
0.000000000000000000e+00
