3.606118261814117432e-01
-6.463067531585693359e-01
4.997065067291259766e-01
2.973369657993316650e-01
-4.848200678825378418e-01
-1.732709445059299469e-02
6.347293257713317871e-01
1.283215880393981934e-01
-4.974888637661933899e-02
1.320119351148605347e-01
1.068915367126464844e+00
1.252117991447448730e+00
-4.881928861141204834e-01
1.942888021469116211e+00
-3.567209839820861816e-01
-2.992540895938873291e-01
5.284547209739685059e-01
-2.426876723766326904e-01
-5.520292520523071289e-01
7.722187042236328125e-01
4.537032842636108398e-01
9.737024903297424316e-01
2.835534811019897461e-01
-5.017504692077636719e-01
1.056406021118164062e+00
7.166392207145690918e-01
-5.465703606605529785e-01
-3.168264031410217285e-01
-1.133554950356483459e-01
1.017274737358093262e+00
1.222463846206665039e+00
1.090703606605529785e+00
-9.306388497352600098e-01
3.278253674507141113e-01
-3.700408935546875000e-01
7.484041452407836914e-01
4.864184260368347168e-01
6.995635628700256348e-01
-6.653417944908142090e-01
-6.276658177375793457e-01
-8.012554049491882324e-01
-2.193906068801879883e+00
7.671455740928649902e-01
-7.285619974136352539e-01
5.045521855354309082e-01
4.149983227252960205e-01
2.170127779245376587e-01
1.012760877609252930e+00
2.520727738738059998e-02
2.075259447097778320e+00
1.638343095779418945e+00
9.829326719045639038e-02
7.853356003761291504e-01
-5.479373931884765625e-01
-6.219820380210876465e-01
7.565431594848632812e-01
1.227850198745727539e+00
-2.147652208805084229e-01
1.580999195575714111e-01
9.206927567720413208e-02
2.101861953735351562e+00
7.834826111793518066e-01
-3.654105365276336670e-01
7.365861535072326660e-01
5.490111112594604492e-01
-5.966318845748901367e-01
-4.838770627975463867e-01
-4.433606266975402832e-01
-3.053212463855743408e-01
-1.574154019355773926e+00
2.739990949630737305e-01
1.108002662658691406e+00
4.646928906440734863e-01
-7.653836607933044434e-01
-8.658953309059143066e-01
7.078288197517395020e-01
-1.127191662788391113e+00
-1.188262086361646652e-02
-7.603223323822021484e-01
5.382415056228637695e-01
8.359718918800354004e-01
2.319305576384067535e-02
-3.569325506687164307e-01
-7.066597938537597656e-01
9.757591784000396729e-02
-7.829985022544860840e-01
-3.423287570476531982e-01
-9.762695431709289551e-01
1.295357197523117065e-01
2.713841795921325684e-01
1.079286694526672363e+00
1.055479288101196289e+00
4.018102586269378662e-01
-9.965753555297851562e-01
2.441950887441635132e-01
-5.656948089599609375e-01
5.733053684234619141e-01
-3.695617914199829102e-01
-1.035559773445129395e+00
2.278772592544555664e+00
0.000000000000000000e+00
0.000000000000000000e+00
0.000000000000000000e+00
0.000000000000000000e+00
0.000000000000000000e+00
0.000000000000000000e+00
0.000000000000000000e+00
0.000000000000000000e+00
0.000000000000000000e+00
0.000000000000000000e+00
0.000000000000000000e+00
0.000000000000000000e+00
0.000000000000000000e+00
0.000000000000000000e+00
0.000000000000000000e+00
0.000000000000000000e+00
0.000000000000000000e+00
0.000000000000000000e+00
