-4.120364785194396973e-01
5.552081465721130371e-01
-3.986057937145233154e-01
-6.352127064019441605e-03
6.859942674636840820e-01
-3.865370154380798340e-01
-2.598861455917358398e-01
1.434986442327499390e-01
5.003234744071960449e-01
9.046231508255004883e-01
-4.351526796817779541e-01
7.847516536712646484e-01
1.341864943504333496e+00
-4.508698284626007080e-01
-8.504441976547241211e-01
8.604187369346618652e-01
8.226370215415954590e-01
-4.492410421371459961e-01
-1.058414578437805176e+00
-6.189364790916442871e-01
7.427789568901062012e-01
1.721363425254821777e+00
3.366421163082122803e-01
-5.105851292610168457e-01
-1.683736220002174377e-02
-4.587065875530242920e-01
-7.781652212142944336e-01
-1.851215362548828125e-01
5.979507565498352051e-01
5.178962349891662598e-01
-1.100581765174865723e+00
1.069624051451683044e-01
-3.730762600898742676e-01
3.017346262931823730e-01
1.484211534261703491e-01
6.698235869407653809e-01
-3.663191571831703186e-02
-9.419399313628673553e-03
-8.843716979026794434e-01
7.686208486557006836e-01
1.854967325925827026e-01
9.465538263320922852e-01
4.779009222984313965e-01
5.297633409500122070e-01
4.539416134357452393e-01
8.012462854385375977e-01
4.093627035617828369e-01
-2.876018881797790527e-01
-8.094975948333740234e-01
-8.712100386619567871e-01
-9.894070029258728027e-01
1.083856463432312012e+00
-6.790948659181594849e-02
2.944541871547698975e-01
5.149161815643310547e-01
-1.559066176414489746e+00
7.433477044105529785e-01
-6.724756956100463867e-01
-9.684424400329589844e-01
-3.050167560577392578e+00
-8.233625441789627075e-02
4.474943503737449646e-02
1.574528813362121582e+00
-9.131547808647155762e-01
-4.785693287849426270e-01
-3.328779637813568115e-01
-6.704216599464416504e-01
1.451336026191711426e+00
6.743144989013671875e-01
7.322602868080139160e-01
-9.221648424863815308e-02
2.535930573940277100e-01
8.940492570400238037e-02
-1.619699597358703613e-01
-4.397263824939727783e-01
4.600118994712829590e-01
4.743968546390533447e-01
1.122070431709289551e+00
-6.899847984313964844e-01
-7.938064336776733398e-01
4.566120505332946777e-01
-9.085100889205932617e-01
-2.067923247814178467e-01
2.065034955739974976e-01
7.291057705879211426e-01
-2.225910574197769165e-01
-3.366383910179138184e-01
1.731521725654602051e+00
5.630745291709899902e-01
4.468693137168884277e-01
4.282606244087219238e-01
2.244854688644409180e+00
-3.331648111343383789e-01
1.230876371264457703e-01
5.188415050506591797e-01
8.588552474975585938e-01
-3.585688471794128418e-01
-4.268012046813964844e-01
-8.813250064849853516e-01
-3.168251752853393555e+00
0.000000000000000000e+00
0.000000000000000000e+00
0.000000000000000000e+00
0.000000000000000000e+00
