6.428078562021255493e-02
-3.689922094345092773e-01
6.810676455497741699e-01
1.125381961464881897e-01
3.408434391021728516e-01
4.661514461040496826e-01
-1.668571829795837402e+00
-1.340263932943344116e-01
2.681709825992584229e-01
-3.352932631969451904e-01
-4.703991115093231201e-01
-5.709317326545715332e-01
1.705213785171508789e+00
-1.413905620574951172e-01
-2.190448716282844543e-02
-3.566270768642425537e-01
-9.223430752754211426e-01
4.689528793096542358e-02
-1.409921050071716309e-01
4.722853004932403564e-01
3.477643430233001709e-01
5.054168105125427246e-01
-9.335724711418151855e-01
-2.746677100658416748e-01
2.751720190048217773e+00
-3.379414677619934082e-01
3.803137540817260742e-01
-3.568269610404968262e-01
-3.815980851650238037e-01
3.958894610404968262e-01
-1.280742585659027100e-01
-1.168687939643859863e+00
5.645776987075805664e-01
4.917762577533721924e-01
-4.556441307067871094e-01
-4.591072201728820801e-01
-3.791336715221405029e-01
2.737520933151245117e-01
4.014189541339874268e-01
1.306796669960021973e-01
-4.147270619869232178e-01
6.364173293113708496e-01
1.253543972969055176e+00
-4.061349332332611084e-01
2.796904444694519043e-01
3.281288146972656250e-01
5.572416782379150391e-01
2.416080236434936523e-02
9.237717986106872559e-01
6.746556162834167480e-01
1.582817286252975464e-01
-3.891669511795043945e-01
7.295321673154830933e-02
-9.782296419143676758e-01
-9.452466368675231934e-01
8.731594085693359375e-01
4.897199869155883789e-01
-5.143119096755981445e-01
2.941818535327911377e-01
2.354584038257598877e-01
4.769227206707000732e-01
-1.322652578353881836e+00
4.277164936065673828e-01
-7.747703194618225098e-01
-1.446814835071563721e-01
4.721226096153259277e-01
-3.619654476642608643e-01
-2.600974217057228088e-02
1.248818337917327881e-01
3.571287989616394043e-01
8.731798082590103149e-02
-1.573565602302551270e+00
4.062395989894866943e-01
1.077609211206436157e-01
-7.058386206626892090e-01
6.925153732299804688e-01
-5.080324038863182068e-02
9.953492283821105957e-01
4.831321835517883301e-01
-4.638118147850036621e-01
-5.083097219467163086e-01
-8.985347151756286621e-01
1.890984416007995605e+00
1.253438830375671387e+00
-2.138522714376449585e-01
4.722525477409362793e-01
-6.502044200897216797e-01
-2.293974310159683228e-01
4.054489135742187500e-01
-9.481131434440612793e-01
1.441138684749603271e-01
4.506983757019042969e-01
-4.495084583759307861e-01
9.626842141151428223e-01
-5.838409662246704102e-01
1.266972124576568604e-01
1.096266284584999084e-01
-1.225119382143020630e-01
-3.524670898914337158e-01
-1.364931464195251465e+00
0.000000000000000000e+00
0.000000000000000000e+00
0.000000000000000000e+00
0.000000000000000000e+00
0.000000000000000000e+00
0.000000000000000000e+00
