-5.479299426078796387e-01
-7.174004912376403809e-01
-1.374626904726028442e-01
9.880009889602661133e-01
-6.222715377807617188e-01
-1.130796670913696289e+00
3.694067299365997314e-01
-4.211283028125762939e-01
-2.335400581359863281e-01
-6.161033511161804199e-01
1.141338229179382324e+00
8.595126867294311523e-01
-1.348426103591918945e+00
-8.546898365020751953e-01
-1.937678903341293335e-01
-4.557529687881469727e-01
-7.137637734413146973e-01
1.242813706398010254e+00
1.430138826370239258e+00
-7.229334712028503418e-01
1.363465428352355957e+00
-2.721481323242187500e-01
6.966691613197326660e-01
3.188165426254272461e-01
2.356112450361251831e-01
1.270392894744873047e+00
-2.993210852146148682e-01
2.481578290462493896e-01
1.645900756120681763e-01
-2.446913532912731171e-02
-2.481751292943954468e-01
9.266139864921569824e-01
-7.510663270950317383e-01
6.109775304794311523e-01
-5.472957491874694824e-01
4.698825776576995850e-01
1.459134101867675781e+00
3.943338990211486816e-01
-5.126720070838928223e-01
3.376129567623138428e-01
-6.492341756820678711e-01
-1.019007921218872070e+00
9.259120821952819824e-01
1.093892574310302734e+00
5.663674473762512207e-01
4.276155829429626465e-01
6.945232748985290527e-01
6.280895471572875977e-01
3.471547126770019531e+00
4.884551465511322021e-01
-2.748109400272369385e-01
-9.873743057250976562e-01
-1.229851126670837402e+00
2.041465044021606445e-01
-5.847525000572204590e-01
1.325302004814147949e+00
-9.559647440910339355e-01
2.456180006265640259e-01
2.531930506229400635e-01
-3.085909783840179443e-01
-4.095774590969085693e-01
5.602281093597412109e-01
-5.746034383773803711e-01
-1.034855246543884277e+00
6.691423803567886353e-02
5.175719857215881348e-01
-2.471285313367843628e-01
9.795845746994018555e-01
-1.768171414732933044e-02
9.163424372673034668e-01
5.657872557640075684e-01
9.026669263839721680e-01
-2.496784478425979614e-01
-2.450862713158130646e-02
-1.070392131805419922e+00
-5.688760280609130859e-01
-6.208469271659851074e-01
-3.077279627323150635e-01
9.327644705772399902e-01
1.169426083564758301e+00
8.135850429534912109e-01
6.514611840248107910e-01
5.157935619354248047e-01
1.767262667417526245e-01
-6.319556832313537598e-01
-1.899967528879642487e-02
-7.268906831741333008e-01
1.789559572935104370e-01
8.479045033454895020e-01
8.470908403396606445e-01
-1.335310190916061401e-01
-2.887506484985351562e+00
-1.662351846694946289e+00
1.073362082242965698e-01
-7.623411417007446289e-01
-5.684059858322143555e-01
7.744989991188049316e-01
-5.364221930503845215e-01
2.925151884555816650e-01
-1.017912104725837708e-01
0.000000000000000000e+00
0.000000000000000000e+00
0.000000000000000000e+00
0.000000000000000000e+00
0.000000000000000000e+00
0.000000000000000000e+00
0.000000000000000000e+00
0.000000000000000000e+00
0.000000000000000000e+00
0.000000000000000000e+00
0.000000000000000000e+00
0.000000000000000000e+00
