1.644180901348590851e-02
5.488971471786499023e-01
-1.037234306335449219e+00
-7.857924699783325195e-01
8.733444213867187500e-01
-4.672429561614990234e-01
-6.984723210334777832e-01
8.640215396881103516e-01
4.469752907752990723e-01
2.793026685714721680e+00
-3.999563753604888916e-01
-3.817209303379058838e-01
-9.107099175453186035e-01
8.156708478927612305e-01
7.643355727195739746e-01
-7.089957594871520996e-01
1.066225767135620117e+00
1.522005051374435425e-01
-2.398298382759094238e-01
-6.974214911460876465e-01
3.987428545951843262e-01
-7.556229233741760254e-01
7.764913607388734818e-03
-6.642513275146484375e-01
9.742370843887329102e-01
4.642020761966705322e-01
3.362146019935607910e-01
-8.382513523101806641e-01
-3.879122138023376465e-01
-4.139251410961151123e-01
1.146824121475219727e+00
1.643721908330917358e-01
9.795494079589843750e-01
-6.463782787322998047e-01
9.450623393058776855e-01
4.100628197193145752e-01
7.330800890922546387e-01
-6.508043408393859863e-01
1.491174221038818359e+00
-5.456976220011711121e-02
-1.630731970071792603e-01
1.954403638839721680e+00
7.104839198291301727e-03
2.561686635017395020e-01
-2.832199037075042725e-01
-7.061788439750671387e-01
6.522247195243835449e-01
-8.769484162330627441e-01
1.039076924324035645e+00
7.678850889205932617e-01
2.658279895782470703e+00
9.570158123970031738e-01
-3.620640337467193604e-01
8.630853295326232910e-01
-1.776424497365951538e-01
-9.375340938568115234e-01
1.493580937385559082e+00
1.259025931358337402e+00
-7.614408135414123535e-01
-5.990016460418701172e-01
2.273165807127952576e-02
-4.927453696727752686e-01
9.247425943613052368e-02
7.034622430801391602e-01
-3.835325837135314941e-01
-2.695611715316772461e-01
-3.854560554027557373e-01
-7.704411149024963379e-01
1.096874952316284180e+00
4.371747672557830811e-01
4.023339152336120605e-01
-6.731875538825988770e-01
7.894348502159118652e-01
8.622163534164428711e-01
1.604787856340408325e-01
3.429414927959442139e-01
-4.478145241737365723e-01
2.406988292932510376e-01
1.586704730987548828e+00
3.510973155498504639e-01
7.642975449562072754e-01
8.398832678794860840e-01
6.404514312744140625e-01
-2.806588649749755859e+00
-3.758564293384552002e-01
1.171012163162231445e+00
-1.111160755157470703e+00
-9.143540263175964355e-01
1.447287082672119141e+00
-5.736046433448791504e-01
4.254203438758850098e-01
9.749870896339416504e-01
-1.042327761650085449e+00
-4.557426273822784424e-01
-1.048314571380615234e+00
-6.184483692049980164e-02
-3.878375515341758728e-02
2.710632085800170898e-01
7.785168886184692383e-01
1.351241171360015869e-01
0.000000000000000000e+00
0.000000000000000000e+00
0.000000000000000000e+00
0.000000000000000000e+00
0.000000000000000000e+00
0.000000000000000000e+00
0.000000000000000000e+00
0.000000000000000000e+00
0.000000000000000000e+00
0.000000000000000000e+00
0.000000000000000000e+00
0.000000000000000000e+00
0.000000000000000000e+00
0.000000000000000000e+00
