4.116128385066986084e-01
6.905041933059692383e-01
-1.263467431068420410e+00
-1.201498746871948242e+00
6.846221685409545898e-01
-3.024925291538238525e-01
-7.213503122329711914e-01
9.022294878959655762e-01
3.844991028308868408e-01
1.140644788742065430e+00
-5.786190032958984375e-01
-4.384744167327880859e-01
-4.953147470951080322e-01
6.888163685798645020e-01
8.352982401847839355e-01
-5.890692472457885742e-01
1.067744493484497070e+00
-7.673449516296386719e-01
-3.724062144756317139e-01
-9.195753931999206543e-01
3.413909375667572021e-01
-1.368557453155517578e+00
-1.142583012580871582e+00
-6.884295344352722168e-01
5.469164848327636719e-01
2.164736241102218628e-01
6.994605064392089844e-02
3.006047606468200684e-01
3.777582049369812012e-01
-7.150640487670898438e-01
3.292984068393707275e-01
-6.622239947319030762e-01
8.508259654045104980e-01
-5.484919548034667969e-01
1.036081075668334961e+00
4.301608204841613770e-01
4.986083507537841797e-01
-2.546190321445465088e-01
1.608511686325073242e+00
1.098101362586021423e-01
5.554171800613403320e-01
1.471766948699951172e+00
-7.947375997900962830e-03
4.358782619237899780e-02
-2.121998555958271027e-02
-6.815501451492309570e-01
5.557845234870910645e-01
-2.674890458583831787e-01
9.126525521278381348e-01
6.466710567474365234e-01
-7.941378951072692871e-01
9.146000742912292480e-01
-5.545992404222488403e-03
-9.497370570898056030e-02
1.648836731910705566e-01
3.281680822372436523e+00
1.062632322311401367e+00
8.305821418762207031e-01
-4.746271967887878418e-01
-1.748445630073547363e-01
-1.894778251647949219e+00
-5.560811161994934082e-01
-6.240047886967658997e-02
-3.083105385303497314e-01
-4.699402749538421631e-01
-6.957728415727615356e-02
-1.959844380617141724e-01
-5.356316566467285156e-01
1.018275856971740723e+00
4.835624694824218750e-01
2.048354148864746094e-01
-5.310273766517639160e-01
5.679067373275756836e-01
4.514263272285461426e-01
5.687206983566284180e-02
4.618718028068542480e-01
-4.256576001644134521e-01
2.561978101730346680e-01
1.531907200813293457e+00
-3.074146211147308350e-01
6.991279125213623047e-01
7.068865895271301270e-01
4.990140795707702637e-01
-1.990379810333251953e+00
-3.650957942008972168e-01
-6.643837094306945801e-01
-1.073533177375793457e+00
-7.796361446380615234e-01
3.077018022537231445e+00
-7.161836624145507812e-01
5.149931907653808594e-01
1.467821717262268066e+00
-6.455252170562744141e-01
-1.731555014848709106e-01
-4.241404533386230469e-01
-3.757111728191375732e-01
-9.879156947135925293e-01
2.251219749450683594e-01
3.237421512603759766e-01
4.723141789436340332e-01
0.000000000000000000e+00
0.000000000000000000e+00
0.000000000000000000e+00
0.000000000000000000e+00
0.000000000000000000e+00
0.000000000000000000e+00
0.000000000000000000e+00
0.000000000000000000e+00
0.000000000000000000e+00
0.000000000000000000e+00
0.000000000000000000e+00
0.000000000000000000e+00
0.000000000000000000e+00
0.000000000000000000e+00
0.000000000000000000e+00
