2.638710141181945801e-01
6.381535530090332031e-01
-6.545314788818359375e-01
-1.183676123619079590e+00
7.432926297187805176e-01
-3.383800685405731201e-01
-7.379177212715148926e-01
8.480640053749084473e-01
5.593858957290649414e-01
2.422719478607177734e+00
-3.832259178161621094e-01
-3.662631809711456299e-01
-1.120104432106018066e+00
8.558851480484008789e-01
8.493653535842895508e-01
-6.344532966613769531e-01
1.394315481185913086e+00
1.526244431734085083e-01
8.579027652740478516e-01
-9.801809191703796387e-01
6.758732199668884277e-01
-9.971623122692108154e-02
4.852147698402404785e-01
-4.923122823238372803e-01
-1.616940349340438843e-01
6.701679527759552002e-02
-2.276017218828201294e-01
3.400792777538299561e-01
8.419422805309295654e-02
-4.810371398925781250e-01
1.488121747970581055e-01
7.048915326595306396e-02
1.022111177444458008e+00
-2.807119488716125488e-01
1.161090016365051270e+00
1.845952570438385010e-01
5.228438973426818848e-01
-3.480134308338165283e-01
1.622959494590759277e+00
2.998386919498443604e-01
-1.204245314002037048e-01
1.491214156150817871e+00
-6.351178511977195740e-03
2.254734039306640625e-01
3.170243278145790100e-02
-5.331633090972900391e-01
1.346799850463867188e+00
-3.383987545967102051e-01
1.254822850227355957e+00
8.467887043952941895e-01
3.221473455429077148e+00
9.167100191116333008e-01
-1.336345911026000977e+00
5.803146362304687500e-01
2.586111724376678467e-01
-9.918081760406494141e-01
1.270370125770568848e+00
9.175255894660949707e-01
-5.693517327308654785e-01
-3.029095530509948730e-01
7.321880757808685303e-02
-3.722180426120758057e-01
5.400117486715316772e-02
4.530828297138214111e-01
-1.424614340066909790e-02
4.165080785751342773e-01
-2.821026742458343506e-01
-8.287160992622375488e-01
4.782816469669342041e-01
4.405710399150848389e-01
6.549525856971740723e-01
-8.325366973876953125e-01
3.620544970035552979e-01
5.877332687377929688e-01
1.177964806556701660e+00
5.178271532058715820e-01
-2.399827241897583008e-01
3.607920408248901367e-01
1.583640336990356445e+00
5.857152342796325684e-01
8.850056529045104980e-01
8.123483061790466309e-01
5.532452464103698730e-01
-5.615885257720947266e-01
-4.638233482837677002e-01
-7.065824270248413086e-01
-8.971635103225708008e-01
-8.738206624984741211e-01
2.852708816528320312e+00
-5.458176732063293457e-01
7.958757877349853516e-01
1.330489873886108398e+00
-8.096347451210021973e-01
-3.957088887691497803e-01
-4.147435128688812256e-01
-4.351117908954620361e-01
-1.046341180801391602e+00
-1.415039412677288055e-02
3.577708899974822998e-01
1.020449399948120117e-01
0.000000000000000000e+00
0.000000000000000000e+00
0.000000000000000000e+00
0.000000000000000000e+00
0.000000000000000000e+00
0.000000000000000000e+00
0.000000000000000000e+00
0.000000000000000000e+00
0.000000000000000000e+00
0.000000000000000000e+00
0.000000000000000000e+00
0.000000000000000000e+00
0.000000000000000000e+00
0.000000000000000000e+00
