-1.176467761397361755e-01
-3.244244158267974854e-01
6.274407505989074707e-01
1.752014458179473877e-01
1.084138825535774231e-01
4.049572944641113281e-01
-1.665513753890991211e+00
-3.939896821975708008e-01
6.952767968177795410e-01
-1.068910583853721619e-01
-3.869864642620086670e-01
-7.312923669815063477e-01
1.920269578695297241e-01
-1.241457819938659668e+00
-3.973174393177032471e-01
-3.934782743453979492e-01
-7.078901529312133789e-01
-2.547963559627532959e-01
-2.330633103847503662e-01
7.426585555076599121e-01
4.724807441234588623e-01
5.921373367309570312e-01
-5.045621991157531738e-01
-1.914707124233245850e-01
3.099640846252441406e+00
-4.360830187797546387e-01
6.763134002685546875e-01
-6.980298757553100586e-01
-4.686226546764373779e-01
1.218588128685951233e-01
-1.467098295688629150e-01
-2.913224101066589355e-01
5.643839836120605469e-01
2.571710646152496338e-01
-7.645680308341979980e-01
-3.511568307876586914e-01
-2.772761881351470947e-01
4.263341128826141357e-01
1.935501247644424438e-01
2.173477262258529663e-01
-4.707102775573730469e-01
4.194526672363281250e-01
1.104031562805175781e+00
-4.958875775337219238e-01
9.970902204513549805e-01
5.643754601478576660e-01
6.737149357795715332e-01
-1.209701150655746460e-01
7.775776386260986328e-01
5.128552019596099854e-02
-1.724991321563720703e+00
-3.327197134494781494e-01
7.424305081367492676e-01
-9.922159314155578613e-01
-6.359231472015380859e-01
1.666807889938354492e+00
6.815645098686218262e-01
-6.557731628417968750e-01
3.318656086921691895e-01
2.919419668614864349e-02
7.032650113105773926e-01
-1.389819502830505371e+00
6.965497136116027832e-01
-1.798240780830383301e+00
-2.423422783613204956e-01
4.795931875705718994e-01
-7.288166880607604980e-01
9.175913780927658081e-02
3.623303472995758057e-01
-7.697271108627319336e-01
-4.917095899581909180e-01
-1.382459998130798340e+00
5.436300635337829590e-01
-2.051113545894622803e-01
-6.891536712646484375e-01
3.160136640071868896e-01
1.531534194946289062e-01
9.812985062599182129e-01
2.281823754310607910e-01
-3.763764500617980957e-01
-5.183063149452209473e-01
-8.190160393714904785e-01
3.290275096893310547e+00
1.231495380401611328e+00
-3.341958224773406982e-01
4.070234000682830811e-01
-5.754849910736083984e-01
1.969311982393264771e-01
-2.352507784962654114e-02
-1.217728018760681152e+00
1.181256294250488281e+00
7.210220694541931152e-01
-2.309626340866088867e-01
6.951161026954650879e-01
-6.119901537895202637e-01
2.002438902854919434e-01
-5.367945414036512375e-03
-3.381351828575134277e-01
-3.334867954254150391e-01
-1.313183665275573730e+00
0.000000000000000000e+00
0.000000000000000000e+00
0.000000000000000000e+00
0.000000000000000000e+00
0.000000000000000000e+00
