1.660178303718566895e-01
8.217079639434814453e-01
-2.416001558303833008e+00
-9.937788844108581543e-01
1.086200714111328125e+00
-2.674266099929809570e-01
-2.422283887863159180e-01
7.613563537597656250e-01
4.209816157817840576e-01
1.411743760108947754e+00
-3.138470649719238281e-01
-3.830049932003021240e-01
-9.404602646827697754e-01
7.557770609855651855e-01
8.214482069015502930e-01
-6.681300997734069824e-01
9.019055962562561035e-01
7.800029963254928589e-02
7.286890149116516113e-01
-1.031130194664001465e+00
2.219202667474746704e-01
-1.584254860877990723e+00
-1.128080368041992188e+00
-8.071380257606506348e-01
5.457722544670104980e-01
4.796969890594482422e-01
1.498646736145019531e-01
4.542191922664642334e-01
-1.113130450248718262e-01
-5.742271542549133301e-01
1.644117116928100586e+00
1.552558094263076782e-01
8.000276684761047363e-01
-8.155662417411804199e-01
8.130120038986206055e-01
2.986801564693450928e-01
6.329476833343505859e-01
-4.119418263435363770e-01
1.394424915313720703e+00
6.588292717933654785e-01
6.112987920641899109e-02
1.371860742568969727e+00
3.165745362639427185e-02
2.462051063776016235e-01
6.342323422431945801e-01
-6.160278916358947754e-01
5.806592106819152832e-01
-2.050933241844177246e-01
7.386522889137268066e-01
6.179568767547607422e-01
4.032295942306518555e-02
-8.733797073364257812e-01
3.018543422222137451e-01
3.207785487174987793e-01
3.741216659545898438e-01
-1.204123854637145996e+00
9.839208126068115234e-01
7.690595388412475586e-01
-5.299159884452819824e-01
-1.734013557434082031e-01
2.061756551265716553e-01
-3.003620803356170654e-01
-1.002511382102966309e-01
3.317629694938659668e-01
-2.420732825994491577e-01
-7.466007373295724392e-04
-4.447631537914276123e-02
-5.658908486366271973e-01
8.720201253890991211e-01
5.288351774215698242e-01
1.187327206134796143e-01
-6.094339489936828613e-01
4.613944292068481445e-01
2.565757036209106445e-01
8.139003068208694458e-03
2.032554447650909424e-01
-2.684955894947052002e-01
9.704585671424865723e-01
1.600306272506713867e+00
1.495767086744308472e-01
6.920624971389770508e-01
3.518159985542297363e-01
4.665566086769104004e-01
-2.153477191925048828e+00
-2.257634848356246948e-01
1.824673861265182495e-01
-1.155240893363952637e+00
-7.481865286827087402e-01
2.425330162048339844e+00
-9.483959674835205078e-01
4.870305061340332031e-01
1.181570172309875488e+00
-3.134165108203887939e-01
-1.512005329132080078e-01
-1.438033103942871094e+00
-6.776666045188903809e-01
-4.973026812076568604e-01
4.582502320408821106e-02
6.103584170341491699e-01
3.579771518707275391e-01
0.000000000000000000e+00
0.000000000000000000e+00
0.000000000000000000e+00
0.000000000000000000e+00
0.000000000000000000e+00
0.000000000000000000e+00
0.000000000000000000e+00
0.000000000000000000e+00
0.000000000000000000e+00
0.000000000000000000e+00
0.000000000000000000e+00
0.000000000000000000e+00
0.000000000000000000e+00
0.000000000000000000e+00
0.000000000000000000e+00
0.000000000000000000e+00
0.000000000000000000e+00
