-1.084396764636039734e-01
-9.074769616127014160e-01
3.508845567703247070e-01
3.537566661834716797e-01
-4.828575253486633301e-01
1.804267913103103638e-01
-9.311777353286743164e-01
3.651986420154571533e-01
-3.708460330963134766e-01
1.974939703941345215e-01
6.040998697280883789e-01
1.011460781097412109e+00
-4.603030979633331299e-01
1.174235820770263672e+00
-2.667138278484344482e-01
-1.869738548994064331e-01
1.981395184993743896e-01
-9.016882628202438354e-02
-8.022127151489257812e-01
-1.569149941205978394e-01
4.615756869316101074e-01
1.015668392181396484e+00
9.473472833633422852e-01
-4.522826671600341797e-01
9.849472045898437500e-01
5.663880705833435059e-01
-1.360192745923995972e-01
-2.831639945507049561e-01
-9.379444122314453125e-01
7.768854498863220215e-01
7.955364584922790527e-01
1.021656394004821777e+00
-1.081807136535644531e+00
1.767529547214508057e-01
-2.936784327030181885e-01
6.521314382553100586e-01
2.065158635377883911e-01
1.105196401476860046e-01
-6.710408926010131836e-01
-7.499953508377075195e-01
-9.386473298072814941e-01
-2.797096252441406250e+00
7.417884469032287598e-01
-6.927243471145629883e-01
3.396040797233581543e-01
1.859154105186462402e-01
2.406613528728485107e-01
7.211506366729736328e-01
5.415897071361541748e-02
1.922739505767822266e+00
1.328489303588867188e+00
2.433208525180816650e-01
9.856429100036621094e-01
-4.958209395408630371e-01
-3.334541618824005127e-01
2.679117023944854736e-01
-3.212869763374328613e-01
-2.671114504337310791e-01
5.146784186363220215e-01
6.398604065179824829e-02
1.910534262657165527e+00
6.675224304199218750e-01
-3.660074770450592041e-01
5.992833971977233887e-01
6.410869956016540527e-01
-6.157920956611633301e-01
-3.762619495391845703e-01
-1.041390657424926758e+00
-3.467163145542144775e-01
-1.593647241592407227e+00
-5.956532433629035950e-02
1.953567862510681152e+00
3.043329715728759766e-01
-7.182056903839111328e-01
-8.318365216255187988e-01
9.787580370903015137e-01
-1.478024199604988098e-02
-1.104677200317382812e+00
-4.920482635498046875e-01
6.286973357200622559e-01
5.017385482788085938e-01
7.299137860536575317e-02
-3.662381470203399658e-01
-4.220498800277709961e-01
2.761450707912445068e-01
2.094236612319946289e-01
-1.490692615509033203e+00
-6.520235538482666016e-02
4.262685179710388184e-01
4.130128920078277588e-01
1.163810729980468750e+00
-3.055141270160675049e-01
9.749372005462646484e-01
-9.913246631622314453e-01
3.961565718054771423e-02
-6.436805129051208496e-01
5.443361401557922363e-01
-4.303469955921173096e-01
-1.120026588439941406e+00
2.939626455307006836e+00
0.000000000000000000e+00
0.000000000000000000e+00
0.000000000000000000e+00
0.000000000000000000e+00
0.000000000000000000e+00
0.000000000000000000e+00
0.000000000000000000e+00
0.000000000000000000e+00
0.000000000000000000e+00
0.000000000000000000e+00
0.000000000000000000e+00
0.000000000000000000e+00
0.000000000000000000e+00
0.000000000000000000e+00
0.000000000000000000e+00
0.000000000000000000e+00
0.000000000000000000e+00
