-1.590793877840042114e-01
-2.647842839360237122e-02
3.373943269252777100e-01
6.844204068183898926e-01
-4.264501333236694336e-01
5.551338791847229004e-01
-9.150787591934204102e-01
-7.191398739814758301e-01
-6.647854112088680267e-03
1.156577840447425842e-01
8.945818543434143066e-01
9.517341256141662598e-01
-8.038479089736938477e-01
7.763864398002624512e-01
-9.449736028909683228e-02
-3.370402157306671143e-01
4.437173306941986084e-01
-1.844082325696945190e-01
-6.637274026870727539e-01
-1.027760028839111328e+00
5.745199918746948242e-01
8.546229004859924316e-01
9.550390839576721191e-01
-8.314444422721862793e-01
9.038950800895690918e-01
7.628702521324157715e-01
-5.402252078056335449e-01
-2.758667171001434326e-01
-9.254343509674072266e-01
1.851058006286621094e-01
2.844862937927246094e-01
1.256798386573791504e+00
-8.386017680168151855e-01
2.662034928798675537e-01
-4.286440014839172363e-01
6.570027470588684082e-01
-1.596635580062866211e-02
1.742919832468032837e-01
-5.620656013488769531e-01
5.152164101600646973e-01
-9.347672462463378906e-01
-1.160228490829467773e+00
6.153644323348999023e-01
-2.305945634841918945e+00
6.707661747932434082e-01
2.262793928384780884e-01
9.339868426322937012e-01
8.749573826789855957e-01
1.324150711297988892e-01
1.016213148832321167e-01
1.536255776882171631e-01
4.721267521381378174e-01
4.974184036254882812e-01
-1.668193191289901733e-01
-3.989126086235046387e-01
9.400801360607147217e-02
1.794690966606140137e+00
-1.529321551322937012e+00
2.187315076589584351e-01
1.071931943297386169e-01
1.068293333053588867e+00
7.488401532173156738e-01
-1.145871520042419434e+00
5.533015131950378418e-01
4.685690402984619141e-01
1.235455498099327087e-01
-2.987405955791473389e-01
-3.443980216979980469e-01
-2.990422844886779785e-01
-1.162476062774658203e+00
-5.566882342100143433e-02
-1.016471505165100098e+00
3.015196919441223145e-01
-1.085261225700378418e+00
-5.684199929237365723e-01
8.524327874183654785e-01
-9.175720214843750000e-01
2.998845279216766357e-01
-7.124803066253662109e-01
6.786898523569107056e-02
3.422877192497253418e-01
1.417676545679569244e-02
-8.066954612731933594e-01
-5.151683092117309570e-01
4.817394912242889404e-01
-5.795938372611999512e-01
-2.192159414291381836e+00
1.369006991386413574e+00
3.551882207393646240e-01
-1.290357232093811035e+00
1.069967895746231079e-01
3.178864717483520508e-02
1.216762065887451172e+00
-1.773228794336318970e-01
-1.798292994499206543e-02
-9.101440310478210449e-01
2.430409342050552368e-01
-8.006985783576965332e-01
-9.811265468597412109e-01
1.655942559242248535e+00
0.000000000000000000e+00
0.000000000000000000e+00
0.000000000000000000e+00
0.000000000000000000e+00
0.000000000000000000e+00
0.000000000000000000e+00
