-3.318894803524017334e-01
2.356205284595489502e-01
-3.636758327484130859e-01
6.550513952970504761e-02
5.639166012406349182e-02
-5.543285012245178223e-01
-2.027434706687927246e-01
1.748602539300918579e-01
3.514352440834045410e-01
4.620259106159210205e-01
-2.845265865325927734e-01
6.833944916725158691e-01
-6.014460325241088867e-01
-2.179941534996032715e-01
-8.839405775070190430e-01
4.021997749805450439e-01
-4.808316938579082489e-03
8.490207791328430176e-01
-5.709644556045532227e-01
-6.270642280578613281e-01
4.563703238964080811e-01
-9.500882625579833984e-01
4.471642076969146729e-01
-4.167542159557342529e-01
9.008139371871948242e-02
-4.109280705451965332e-01
-5.910857915878295898e-01
-1.210801005363464355e+00
3.755804002285003662e-01
3.449113667011260986e-01
-9.413751959800720215e-01
1.284427046775817871e-01
-4.941243827342987061e-01
8.181990385055541992e-01
2.231831997632980347e-01
1.138385176658630371e+00
-5.378566682338714600e-02
-4.254334867000579834e-01
-6.911041140556335449e-01
3.868415653705596924e-01
4.064868018031120300e-02
8.080926537513732910e-01
7.467582225799560547e-01
1.230396986007690430e+00
2.406176328659057617e-01
6.209074258804321289e-01
6.975961923599243164e-01
4.336956441402435303e-01
1.479884028434753418e+00
-1.039976716041564941e+00
-1.437417119741439819e-01
-9.705668198876082897e-04
-1.095273420214653015e-01
1.566232293844223022e-01
1.472319513559341431e-01
-3.239900469779968262e-01
5.543592572212219238e-01
6.834152340888977051e-01
-3.927641212940216064e-01
-2.219092845916748047e+00
4.872596263885498047e-01
-2.066417485475540161e-01
8.751713037490844727e-01
-7.491170763969421387e-01
-4.426560401916503906e-01
-5.140281319618225098e-01
-5.875751376152038574e-01
1.174416303634643555e+00
6.638250350952148438e-01
-5.544490218162536621e-01
-1.310245245695114136e-01
3.748590350151062012e-01
1.209015250205993652e-01
-1.410447657108306885e-01
-4.794829487800598145e-01
1.548352539539337158e-01
1.065763950347900391e+00
4.079279601573944092e-01
-5.150060653686523438e-01
-6.547857522964477539e-01
6.993718147277832031e-01
-8.481070995330810547e-01
-1.012396663427352905e-01
6.525673866271972656e-01
4.557111561298370361e-01
-3.319924175739288330e-01
-4.223091900348663330e-01
1.879364371299743652e+00
3.397226929664611816e-01
5.872780680656433105e-01
5.342359840869903564e-02
1.008246988058090210e-01
-7.140396237373352051e-01
6.796878576278686523e-02
5.140471458435058594e-01
6.084425449371337891e-01
-2.517760545015335083e-02
-6.309611797332763672e-01
-9.981730580329895020e-01
2.605048120021820068e-01
0.000000000000000000e+00
0.000000000000000000e+00
0.000000000000000000e+00
0.000000000000000000e+00
0.000000000000000000e+00
