4.342616200447082520e-01
1.362886071205139160e+00
-2.868335723876953125e+00
-8.038969039916992188e-01
5.440301895141601562e-01
-3.720179200172424316e-01
-7.382848262786865234e-01
7.464757561683654785e-01
5.355690717697143555e-01
1.081969738006591797e+00
-4.625634253025054932e-01
-4.160230755805969238e-01
-9.435873031616210938e-01
6.724966168403625488e-01
7.707823514938354492e-01
-6.683920025825500488e-01
1.532431125640869141e+00
4.166973233222961426e-01
7.880657315254211426e-01
-8.051930665969848633e-01
2.967433631420135498e-01
-7.574084997177124023e-01
5.475692749023437500e-01
-9.162538051605224609e-01
5.226866006851196289e-01
1.416413635015487671e-01
3.168729543685913086e-01
6.668870449066162109e-01
-3.378016352653503418e-01
-6.270635724067687988e-01
-1.010460853576660156e+00
3.072130680084228516e-01
7.294402718544006348e-01
-7.142961621284484863e-01
1.122354507446289062e+00
4.775479435920715332e-01
5.447274446487426758e-01
-4.354834556579589844e-01
1.514333724975585938e+00
-2.167847007513046265e-01
-1.999337226152420044e-01
8.043482899665832520e-01
-1.981377601623535156e-02
8.680314570665359497e-02
3.260991871356964111e-01
-4.799733757972717285e-01
8.593847751617431641e-01
-4.270227849483489990e-01
7.721876502037048340e-01
5.429435372352600098e-01
3.240072250366210938e+00
9.254035949707031250e-01
3.069863021373748779e-01
-3.311356008052825928e-01
1.265200674533843994e-01
1.236756443977355957e+00
1.156170845031738281e+00
9.635578989982604980e-01
-2.687879204750061035e-01
-1.252766549587249756e-01
-3.007041513919830322e-01
-4.371824860572814941e-01
1.927728205919265747e-01
5.172581076622009277e-01
-4.891969561576843262e-01
1.126384139060974121e+00
-2.309774607419967651e-01
-5.281989574432373047e-01
3.851131796836853027e-01
4.514323770999908447e-01
7.193565368652343750e-02
-5.592769980430603027e-01
2.314430326223373413e-01
4.484212994575500488e-01
-6.931834667921066284e-02
9.904163479804992676e-01
1.432531625032424927e-01
2.194036245346069336e-01
1.575091600418090820e+00
1.421926915645599365e-01
7.670160531997680664e-01
8.758225440979003906e-01
4.758832156658172607e-01
-1.991781353950500488e+00
-4.898890554904937744e-01
1.118978619575500488e+00
-1.148407816886901855e+00
-8.338108658790588379e-01
1.069490075111389160e+00
-7.870199084281921387e-01
4.234734475612640381e-01
1.476835370063781738e+00
-6.552684307098388672e-01
-4.451075196266174316e-01
-4.291821420192718506e-01
-8.909782171249389648e-01
-7.836397290229797363e-01
-1.211143210530281067e-01
4.682421684265136719e-01
2.959918975830078125e-01
0.000000000000000000e+00
0.000000000000000000e+00
0.000000000000000000e+00
0.000000000000000000e+00
0.000000000000000000e+00
0.000000000000000000e+00
0.000000000000000000e+00
0.000000000000000000e+00
0.000000000000000000e+00
0.000000000000000000e+00
0.000000000000000000e+00
0.000000000000000000e+00
0.000000000000000000e+00
0.000000000000000000e+00
