-4.841314256191253662e-01
-9.557815194129943848e-01
-2.061581909656524658e-01
9.771318435668945312e-01
-7.213146686553955078e-01
-7.214653491973876953e-01
3.766672015190124512e-01
-3.553815782070159912e-01
-3.954868912696838379e-01
-4.859321713447570801e-01
6.618195772171020508e-01
7.139932513236999512e-01
-1.100542068481445312e+00
-6.401646733283996582e-01
-2.097661048173904419e-01
-4.511570632457733154e-01
-2.372190654277801514e-01
7.013978362083435059e-01
4.457283616065979004e-01
-1.450079560279846191e+00
8.492454886436462402e-01
-2.571842372417449951e-01
5.491029620170593262e-01
9.350327253341674805e-01
-5.749643445014953613e-01
1.639442205429077148e+00
-2.927605509757995605e-01
-1.156373143196105957e+00
1.224924698472023010e-01
-1.126617267727851868e-01
-7.071394324302673340e-01
1.046695590019226074e+00
-4.844916611909866333e-02
2.739766538143157959e-01
-7.221428751945495605e-01
1.371521234512329102e+00
7.935912609100341797e-01
2.776974141597747803e-01
-1.917040824890136719e+00
2.532445192337036133e-01
-7.077446579933166504e-01
-2.050712853670120239e-01
9.860029220581054688e-01
1.025225639343261719e+00
-1.095682740211486816e+00
5.324506759643554688e-01
8.272305727005004883e-01
2.906757295131683350e-01
2.822706460952758789e+00
3.543037772178649902e-01
-2.209957838058471680e-01
1.147758960723876953e+00
-2.725514650344848633e+00
1.605839282274246216e-01
-3.622104525566101074e-01
2.869430541992187500e+00
-8.217720985412597656e-01
2.360626459121704102e-01
4.782421514391899109e-02
-2.921282947063446045e-01
-3.961023688316345215e-01
6.180813908576965332e-01
-6.532902717590332031e-01
-9.337502717971801758e-01
2.022643536329269409e-01
8.182899653911590576e-02
-1.983780562877655029e-01
4.053737819194793701e-01
2.043328247964382172e-02
1.044917821884155273e+00
5.939655303955078125e-01
1.277373433113098145e+00
9.603469967842102051e-01
-1.808101534843444824e-01
-2.646953761577606201e-01
-1.159925460815429688e+00
-7.557636499404907227e-01
-8.406854420900344849e-02
1.387829065322875977e+00
3.894848003983497620e-02
5.291386842727661133e-01
9.091578722000122070e-01
5.497059822082519531e-01
2.069462537765502930e-01
-5.328512191772460938e-01
-8.343300782144069672e-03
-4.819093048572540283e-01
-2.429578304290771484e-01
9.276941418647766113e-01
8.680579066276550293e-01
-2.392259389162063599e-01
-1.707376599311828613e+00
6.557600498199462891e-01
-2.861928939819335938e-01
-9.517822861671447754e-01
-6.917706131935119629e-01
-1.632375456392765045e-02
-6.658453345298767090e-01
1.022901654243469238e+00
9.302442520856857300e-02
0.000000000000000000e+00
0.000000000000000000e+00
0.000000000000000000e+00
0.000000000000000000e+00
0.000000000000000000e+00
0.000000000000000000e+00
0.000000000000000000e+00
0.000000000000000000e+00
0.000000000000000000e+00
0.000000000000000000e+00
0.000000000000000000e+00
0.000000000000000000e+00
0.000000000000000000e+00
0.000000000000000000e+00
0.000000000000000000e+00
