2.636187970638275146e-01
8.899108171463012695e-01
-1.016216039657592773e+00
-8.835353851318359375e-01
8.272146582603454590e-01
-4.831449389457702637e-01
-7.160318493843078613e-01
8.838021755218505859e-01
3.358512520790100098e-01
2.610949993133544922e+00
-5.154585242271423340e-01
-1.374621391296386719e+00
-5.701334476470947266e-01
8.822376132011413574e-01
8.296160101890563965e-01
-6.237379312515258789e-01
1.096187829971313477e+00
1.454962342977523804e-01
8.246408700942993164e-01
-8.044565320014953613e-01
8.937847614288330078e-01
-4.267877936363220215e-01
4.921740889549255371e-01
-8.129383325576782227e-01
1.013392210006713867e+00
3.925761580467224121e-01
3.990936279296875000e-01
3.768924176692962646e-01
-3.454353511333465576e-01
-5.449922084808349609e-01
5.038745403289794922e-01
-2.348639816045761108e-02
1.095825552940368652e+00
-1.818565130233764648e-01
-5.698319673538208008e-01
2.618379592895507812e-01
7.802644371986389160e-01
-7.033104896545410156e-01
1.494485497474670410e+00
4.977460205554962158e-01
-5.347952246665954590e-03
9.019618034362792969e-01
-2.387665025889873505e-02
3.042249977588653564e-01
8.044621348381042480e-01
-5.128446221351623535e-01
4.844541549682617188e-01
-2.255415916442871094e-01
1.316766977310180664e+00
8.475161194801330566e-01
3.305871725082397461e+00
-1.106820926070213318e-01
3.137288987636566162e-02
1.930740475654602051e-01
1.129238493740558624e-02
-8.825765252113342285e-01
1.003957748413085938e+00
7.319021821022033691e-01
-5.370498299598693848e-01
-9.119992703199386597e-02
1.223698109388351440e-01
-5.337783694267272949e-01
3.487734198570251465e-01
6.605080366134643555e-01
-2.263161689043045044e-01
-3.540586233139038086e-01
-9.329538792371749878e-02
-8.350974917411804199e-01
4.297734200954437256e-01
1.815412640571594238e-01
-3.086625598371028900e-02
-5.241668224334716797e-01
5.338304638862609863e-01
7.667192220687866211e-01
1.373179554939270020e-01
3.414781093597412109e-01
-1.361204981803894043e-01
2.522031068801879883e-01
1.603685855865478516e+00
1.745898872613906860e-01
6.471024751663208008e-01
-9.676009416580200195e-02
4.601251780986785889e-01
-2.767853260040283203e+00
-4.111922979354858398e-01
1.148072481155395508e+00
-1.101299881935119629e+00
-6.888217329978942871e-01
1.334870815277099609e+00
-7.905245423316955566e-01
3.945231139659881592e-01
1.370460391044616699e+00
-7.793000936508178711e-01
-2.791253328323364258e-01
-9.882611632347106934e-01
-3.163532912731170654e-01
-9.240400791168212891e-01
5.106021165847778320e-01
7.618569135665893555e-01
5.369559526443481445e-01
0.000000000000000000e+00
0.000000000000000000e+00
0.000000000000000000e+00
0.000000000000000000e+00
0.000000000000000000e+00
0.000000000000000000e+00
0.000000000000000000e+00
0.000000000000000000e+00
0.000000000000000000e+00
0.000000000000000000e+00
0.000000000000000000e+00
0.000000000000000000e+00
0.000000000000000000e+00
0.000000000000000000e+00
0.000000000000000000e+00
