3.537779748439788818e-01
9.317389130592346191e-01
-2.460230350494384766e+00
-9.603230953216552734e-01
6.983453035354614258e-01
-3.123783469200134277e-01
-7.245900630950927734e-01
9.244120121002197266e-01
4.839859902858734131e-01
5.261969566345214844e-01
-1.269432902336120605e-01
-3.709225654602050781e-01
-3.491500616073608398e-01
7.582466602325439453e-01
8.605321645736694336e-01
-7.942776083946228027e-01
9.518232345581054688e-01
4.431401491165161133e-01
7.786665558815002441e-01
-8.765372037887573242e-01
4.777617454528808594e-01
-1.433658123016357422e+00
5.330633521080017090e-01
-9.471356272697448730e-01
5.056681632995605469e-01
-6.627528369426727295e-02
2.591024041175842285e-01
7.054953575134277344e-01
-1.243126466870307922e-01
-4.071877002716064453e-01
6.374130249023437500e-01
1.141046732664108276e-01
1.127897620201110840e+00
-5.571821928024291992e-01
1.113255262374877930e+00
2.754432857036590576e-01
6.945415139198303223e-01
-3.856928050518035889e-01
1.653151631355285645e+00
9.409338980913162231e-02
3.864111602306365967e-01
1.654833793640136719e+00
1.080576796084642410e-03
2.412791699171066284e-01
-4.521154984831809998e-02
-4.568592309951782227e-01
4.827297627925872803e-01
-2.435664981603622437e-01
2.445578098297119141e+00
7.743927836418151855e-01
3.045261383056640625e+00
-1.637594997882843018e-01
4.335141181945800781e-01
-5.458707213401794434e-01
2.993104457855224609e-01
-9.645035862922668457e-01
1.173595309257507324e+00
9.706518650054931641e-01
-4.488324820995330811e-01
-3.363014459609985352e-01
2.925796620547771454e-02
-4.229592084884643555e-01
-8.684705197811126709e-02
6.456530690193176270e-01
-1.085573211312294006e-01
-1.932850666344165802e-02
-2.888501584529876709e-01
-3.945397734642028809e-01
7.370228767395019531e-01
5.175362229347229004e-01
1.380038410425186157e-01
-5.399231910705566406e-01
4.138773381710052490e-01
5.337810516357421875e-01
1.145430803298950195e+00
5.082570314407348633e-01
-4.943014085292816162e-01
8.860780596733093262e-01
1.577700138092041016e+00
4.135360717773437500e-01
6.839534044265747070e-01
8.207706212997436523e-01
3.515225350856781006e-01
-1.921754240989685059e+00
-3.320910930633544922e-01
9.196821600198745728e-02
-1.132332086563110352e+00
-8.077781796455383301e-01
1.025225996971130371e+00
-9.134352207183837891e-01
6.426750421524047852e-01
1.339580059051513672e+00
-7.706693410873413086e-01
-5.865998268127441406e-01
-3.883432447910308838e-01
-4.522088468074798584e-01
-1.041632294654846191e+00
9.507194757461547852e-01
3.826143145561218262e-01
4.196360111236572266e-01
0.000000000000000000e+00
0.000000000000000000e+00
0.000000000000000000e+00
0.000000000000000000e+00
0.000000000000000000e+00
0.000000000000000000e+00
0.000000000000000000e+00
0.000000000000000000e+00
0.000000000000000000e+00
0.000000000000000000e+00
0.000000000000000000e+00
0.000000000000000000e+00
0.000000000000000000e+00
0.000000000000000000e+00
0.000000000000000000e+00
