2.765291929244995117e-01
-1.090454831719398499e-01
2.562992572784423828e-01
5.452148318290710449e-01
-1.998375356197357178e-01
2.934912778437137604e-02
8.077558279037475586e-01
-1.173457741737365723e+00
-1.582866907119750977e-01
8.790165185928344727e-02
5.532706379890441895e-01
6.480108499526977539e-01
-3.994721770286560059e-01
5.994803905487060547e-01
2.576270140707492828e-02
-2.223066091537475586e-01
1.569711565971374512e-01
-7.375459372997283936e-02
-5.221391916275024414e-01
-2.871356606483459473e-01
5.250846743583679199e-01
9.602468013763427734e-01
4.737155735492706299e-01
-7.514622211456298828e-01
5.676501393318176270e-01
4.341385364532470703e-01
-5.845132470130920410e-01
-2.398332953453063965e-01
-6.653517484664916992e-01
3.249530494213104248e-01
1.979518979787826538e-01
1.428721904754638672e+00
-6.220167279243469238e-01
1.953316330909729004e-01
-1.663533598184585571e-01
5.267599821090698242e-01
2.235869467258453369e-01
3.420182466506958008e-01
-1.619177222251892090e+00
4.385369718074798584e-01
-1.873767375946044922e+00
-8.448091745376586914e-01
4.040325284004211426e-01
-1.077778816223144531e+00
6.338226199150085449e-01
1.944768875837326050e-01
4.894107282161712646e-01
5.928701758384704590e-01
7.347618043422698975e-02
7.868654727935791016e-01
3.468963503837585449e-01
1.172802805900573730e+00
4.197230637073516846e-01
-6.093611717224121094e-01
-5.099046230316162109e-01
4.840217828750610352e-01
6.463782787322998047e-01
-1.530698895454406738e+00
1.018141627311706543e+00
7.003692537546157837e-02
7.583486437797546387e-01
4.641161859035491943e-01
-1.451384782791137695e+00
3.611053824424743652e-01
4.635708034038543701e-01
-6.415420770645141602e-01
-3.199397325515747070e-01
-2.227481603622436523e-01
-8.815203905105590820e-01
-1.042658209800720215e+00
-1.762622892856597900e-01
3.371732234954833984e-01
5.307952761650085449e-01
-7.235661745071411133e-01
-6.801017522811889648e-01
4.811349213123321533e-01
-9.915012121200561523e-01
4.169760048389434814e-01
-4.746010303497314453e-01
1.743142008781433105e-01
3.099885284900665283e-01
1.157754212617874146e-01
-2.870467007160186768e-01
-4.534593820571899414e-01
1.331122517585754395e-01
-3.465254902839660645e-01
-2.685105562210083008e+00
-8.770850896835327148e-01
3.417870402336120605e-01
4.525963664054870605e-01
1.059216737747192383e+00
-2.451608180999755859e-01
3.086685389280319214e-02
-4.057772159576416016e-01
-8.935174345970153809e-02
-4.350150525569915771e-01
6.555402278900146484e-01
-3.878946900367736816e-01
-7.238758206367492676e-01
2.450649023056030273e+00
0.000000000000000000e+00
0.000000000000000000e+00
0.000000000000000000e+00
0.000000000000000000e+00
0.000000000000000000e+00
0.000000000000000000e+00
