-1.131487488746643066e+00
1.446985840797424316e+00
-1.074355721473693848e+00
-1.071066975593566895e+00
5.412114858627319336e-01
-2.827958166599273682e-01
-7.416638135910034180e-01
4.551805853843688965e-01
3.718732893466949463e-01
1.075133323669433594e+00
-3.800187110900878906e-01
-3.769301772117614746e-01
-3.804381191730499268e-01
6.067752242088317871e-01
8.319730758666992188e-01
-5.383954048156738281e-01
1.009226441383361816e+00
2.982403635978698730e-01
8.967005610466003418e-01
-8.178737163543701172e-01
3.008795678615570068e-01
-2.120098471641540527e-01
6.230931282043457031e-01
-7.312794923782348633e-01
5.324271917343139648e-01
4.935221374034881592e-01
5.073842033743858337e-02
2.861910462379455566e-01
8.064933419227600098e-01
-6.874910593032836914e-01
-1.008249282836914062e+00
1.319064851850271225e-02
7.170156240463256836e-01
-5.634307861328125000e-01
1.096053242683410645e+00
4.384977221488952637e-01
4.748994410037994385e-01
-4.846606850624084473e-01
1.519850850105285645e+00
2.513438165187835693e-01
8.753219246864318848e-02
1.538713693618774414e+00
-3.295386442914605141e-03
-1.156007349491119385e-01
-9.314119070768356323e-02
-5.636488795280456543e-01
9.043753147125244141e-01
-4.394317865371704102e-01
9.321585297584533691e-01
8.334222435951232910e-01
3.188272476196289062e+00
9.220039844512939453e-01
-1.520783066749572754e+00
6.562455892562866211e-01
2.945055961608886719e-01
4.321366846561431885e-01
2.034534215927124023e+00
8.947926759719848633e-01
-9.027233719825744629e-01
-2.695999145507812500e-01
2.615722119808197021e-01
-4.175784587860107422e-01
1.710334271192550659e-01
3.307362496852874756e-01
4.883079230785369873e-02
1.700779423117637634e-02
-2.962750494480133057e-01
-8.988789916038513184e-01
9.403880238533020020e-01
5.131707787513732910e-01
6.432942152023315430e-01
-2.511751353740692139e-01
5.234056711196899414e-01
4.571627676486968994e-01
-1.784160137176513672e-01
3.995870053768157959e-01
-2.722575068473815918e-01
2.300066500902175903e-01
1.578002333641052246e+00
-3.562832772731781006e-01
6.659377217292785645e-01
8.690413236618041992e-01
6.552695631980895996e-01
-1.321487784385681152e+00
-5.597499012947082520e-01
-6.826519370079040527e-01
-1.069210648536682129e+00
-7.580241560935974121e-01
2.752906322479248047e+00
-9.068504571914672852e-01
6.409281492233276367e-01
1.039958357810974121e+00
-6.230707168579101562e-01
-3.377874493598937988e-01
-4.067082703113555908e-01
-4.593619406223297119e-01
-4.552919864654541016e-01
8.042379021644592285e-01
3.186427652835845947e-01
3.700084090232849121e-01
0.000000000000000000e+00
0.000000000000000000e+00
0.000000000000000000e+00
0.000000000000000000e+00
0.000000000000000000e+00
0.000000000000000000e+00
0.000000000000000000e+00
0.000000000000000000e+00
0.000000000000000000e+00
0.000000000000000000e+00
0.000000000000000000e+00
0.000000000000000000e+00
0.000000000000000000e+00
0.000000000000000000e+00
0.000000000000000000e+00
