-4.169753789901733398e-01
2.509678304195404053e-01
-1.534279137849807739e-01
-9.323967248201370239e-02
-1.913308948278427124e-01
-7.654027938842773438e-01
-4.563067853450775146e-01
-3.847751319408416748e-01
2.501346170902252197e-01
5.912649631500244141e-01
-7.015106081962585449e-01
6.205430030822753906e-01
-1.174036026000976562e+00
-2.173487991094589233e-01
-5.929683446884155273e-01
6.098995208740234375e-01
1.504312455654144287e-01
1.093273758888244629e+00
1.104236096143722534e-01
-6.145427227020263672e-01
7.076880335807800293e-01
-9.631563425064086914e-01
3.907643258571624756e-02
-4.392415583133697510e-01
2.789497748017311096e-02
-3.429498672485351562e-01
-1.080335617065429688e+00
-2.955926954746246338e-01
5.010209679603576660e-01
5.476244688034057617e-01
-1.050969243049621582e+00
1.666404753923416138e-01
-4.588696360588073730e-01
8.131451159715652466e-02
-3.018197976052761078e-02
1.905490398406982422e+00
5.166526436805725098e-01
2.055182307958602905e-01
-6.994184255599975586e-01
3.210196197032928467e-01
1.610722094774246216e-01
6.199080348014831543e-01
2.064861357212066650e-01
1.288716912269592285e+00
2.988242805004119873e-01
6.376191377639770508e-01
5.885395407676696777e-01
-2.481878399848937988e-01
-6.782424449920654297e-01
-5.100753307342529297e-01
-5.662732720375061035e-01
-1.917499601840972900e-01
-2.436030954122543335e-01
3.844809234142303467e-01
3.737604022026062012e-01
-9.458530694246292114e-02
6.527372002601623535e-01
1.239329725503921509e-01
-3.483348488807678223e-01
-2.648061037063598633e+00
5.821205973625183105e-01
1.241732120513916016e+00
1.022301316261291504e+00
-7.782155871391296387e-01
-3.634679615497589111e-01
-3.651941418647766113e-01
-7.437580227851867676e-01
1.494372010231018066e+00
6.940951347351074219e-01
6.471503973007202148e-01
7.513744384050369263e-02
2.850926518440246582e-01
8.872365951538085938e-02
-2.285044789314270020e-01
-6.108416318893432617e-01
-2.917879447340965271e-02
1.138355970382690430e+00
6.983675360679626465e-01
-4.666015803813934326e-01
-3.558247685432434082e-01
3.589783608913421631e-01
-8.647677302360534668e-01
-1.047511175274848938e-01
6.366001963615417480e-01
4.534340202808380127e-01
-3.118234872817993164e-01
-2.799831330776214600e-01
2.379944801330566406e+00
2.803241908550262451e-01
3.960493206977844238e-01
1.771842241287231445e-01
-1.234707832336425781e+00
-7.347644567489624023e-01
6.742258369922637939e-02
4.617341756820678711e-01
6.107258796691894531e-01
-2.318980097770690918e-01
-5.326019525527954102e-01
-6.595912575721740723e-01
2.431256473064422607e-01
0.000000000000000000e+00
0.000000000000000000e+00
0.000000000000000000e+00
0.000000000000000000e+00
0.000000000000000000e+00
0.000000000000000000e+00
