-5.035856962203979492e-01
3.058124780654907227e-01
-2.438594102859497070e-01
1.225736290216445923e-01
-2.452374622225761414e-02
-4.206947684288024902e-01
-4.475208818912506104e-01
6.739193201065063477e-02
4.754883348941802979e-01
7.106100320816040039e-01
-5.002233386039733887e-01
6.604224443435668945e-01
1.385321021080017090e+00
-2.366923540830612183e-01
-5.244011878967285156e-01
6.026601791381835938e-01
1.975779533386230469e-01
3.075593948364257812e+00
6.094794720411300659e-02
-2.846259176731109619e-01
7.773113846778869629e-01
-3.856365978717803955e-01
-3.010386042296886444e-02
-5.926494598388671875e-01
-1.960163265466690063e-01
-4.604957103729248047e-01
-8.894649744033813477e-01
-2.054685205221176147e-01
6.567080020904541016e-01
5.496958494186401367e-01
-1.073231339454650879e+00
-5.204102769494056702e-02
-1.779363900423049927e-01
5.091305971145629883e-01
-5.571014285087585449e-01
1.417248845100402832e+00
4.482259750366210938e-01
3.832124769687652588e-01
-8.173410296440124512e-01
4.467096030712127686e-01
2.096206843852996826e-01
7.668213248252868652e-01
7.443072199821472168e-01
1.218442559242248535e+00
2.148063927888870239e-01
7.167615294456481934e-01
2.305177748203277588e-01
-2.394332140684127808e-01
-3.980774879455566406e-01
-2.325559705495834351e-01
-8.291993141174316406e-01
-1.829318106174468994e-01
-3.808163106441497803e-01
1.848404109477996826e-01
3.652062416076660156e-01
-1.949470281600952148e+00
7.226327657699584961e-01
4.712501764297485352e-01
-9.375265836715698242e-01
-7.162241339683532715e-01
5.848680138587951660e-01
1.149296045303344727e+00
7.975990176200866699e-01
-7.702685594558715820e-01
-3.852781653404235840e-01
-4.538305699825286865e-01
-8.613082766532897949e-01
1.419280767440795898e+00
7.251508235931396484e-01
3.775601983070373535e-01
1.570387743413448334e-02
7.962064743041992188e-01
1.429953128099441528e-01
-1.406144499778747559e-01
-5.071306228637695312e-01
1.093586608767509460e-01
8.026263713836669922e-01
7.076555490493774414e-01
-5.431230068206787109e-01
-3.531016409397125244e-01
3.380559384822845459e-01
-7.808052897453308105e-01
-1.077513843774795532e-01
5.436673164367675781e-01
5.047345161437988281e-01
-1.841403543949127197e-01
-1.790557801723480225e-01
1.513688415288925171e-01
3.428622782230377197e-01
6.109704375267028809e-01
3.664167523384094238e-01
9.779449105262756348e-01
-3.272230625152587891e-01
3.981785848736763000e-02
5.217635631561279297e-01
5.574381351470947266e-01
-2.601670920848846436e-01
1.410492360591888428e-01
-1.725448012351989746e+00
2.519932091236114502e-01
0.000000000000000000e+00
0.000000000000000000e+00
0.000000000000000000e+00
0.000000000000000000e+00
0.000000000000000000e+00
