1.000000000000000000e+00 -3.133333770694340242e-02 9.250744871670686350e-04 1.284179772250600843e-02 1.295519394589011129e-02 1.331703797239582217e-02 1.307801336693174138e-02 2.058605654080144023e-02 -1.161114348080791725e-01 1.686487227932719213e-01 1.828246178882810338e-02
-3.133333770694340936e-02 1.000000000000000000e+00 -4.298087547218439964e-04 2.633543886410735779e-01 2.242169681061824404e-01 2.596185401227165124e-01 2.696454994699875596e-01 1.275761790017824471e-01 -2.030032256287294962e-03 1.844348172811435945e-03 7.640160293397157271e-04
9.250744871670685265e-04 -4.298087547218439422e-04 9.999999999999997780e-01 -2.202289695188871816e-03 1.722156751776297758e-03 -3.984723882131177043e-03 -1.576061825127025862e-03 1.480538975153663540e-03 1.144245496362882109e-06 5.385941859822205438e-06 -5.674806900695963084e-05
1.284179772250600843e-02 2.633543886410735779e-01 -2.202289695188871816e-03 1.000000000000000000e+00 8.482359359249876940e-01 9.074758344104844054e-01 8.506509170248378604e-01 -1.198503926949049531e-02 2.578899452028465128e-02 -7.672742960318654215e-02 -7.382490191739030094e-02
1.295519394589010956e-02 2.242169681061824404e-01 1.722156751776297758e-03 8.482359359249875830e-01 1.000000000000000000e+00 9.075637965400371598e-01 8.667692611277620918e-01 -9.327069155790393418e-02 7.242358397442591467e-02 -1.065435558035140035e-01 -6.517282027722198778e-02
1.331703797239582217e-02 2.596185401227165124e-01 -3.984723882131176176e-03 9.074758344104844054e-01 9.075637965400370488e-01 1.000000000000000000e+00 9.439883566671281034e-01 -5.689950441413695048e-02 5.423372410578965186e-02 -9.753077043057271911e-02 -7.161471744269308493e-02
1.307801336693174138e-02 2.696454994699875596e-01 -1.576061825127025645e-03 8.506509170248378604e-01 8.667692611277622028e-01 9.439883566671279924e-01 1.000000000000000000e+00 -5.296012394756977049e-02 5.425552959630306621e-02 -9.751603805495141775e-02 -7.159006232674212933e-02
2.058605654080144023e-02 1.275761790017824471e-01 1.480538975153663540e-03 -1.198503926949049357e-02 -9.327069155790393418e-02 -5.689950441413695048e-02 -5.296012394756976355e-02 1.000000000000000000e+00 -2.901673049870269194e-01 1.272398224090920127e-01 1.311649725003447564e-01
-1.161114348080791864e-01 -2.030032256287294529e-03 1.144245496362882109e-06 2.578899452028465128e-02 7.242358397442592854e-02 5.423372410578965880e-02 5.425552959630307315e-02 -2.901673049870268639e-01 1.000000000000000000e+00 -4.989267755174694452e-01 -2.135436418313457207e-01
1.686487227932718935e-01 1.844348172811435945e-03 5.385941859822205438e-06 -7.672742960318654215e-02 -1.065435558035139896e-01 -9.753077043057271911e-02 -9.751603805495141775e-02 1.272398224090920127e-01 -4.989267755174694452e-01 1.000000000000000000e+00 1.465508330971710127e-01
1.828246178882810338e-02 7.640160293397158355e-04 -5.674806900695963084e-05 -7.382490191739030094e-02 -6.517282027722198778e-02 -7.161471744269308493e-02 -7.159006232674214321e-02 1.311649725003447564e-01 -2.135436418313457207e-01 1.465508330971710127e-01 1.000000000000000000e+00
