6.693641543388366699e-01
6.261250972747802734e-01
-3.904122114181518555e-01
2.108611822128295898e+00
1.251995086669921875e+00
8.798545002937316895e-01
-1.356732010841369629e+00
-2.129046440124511719e+00
-1.550146698951721191e+00
-2.612102627754211426e-01
1.664921492338180542e-01
3.247090578079223633e+00
2.145505428314208984e+00
-1.242417931556701660e+00
1.880526065826416016e+00
-5.745914578437805176e-01
-1.307007193565368652e+00
7.598304152488708496e-01
-1.666881799697875977e+00
1.819577574729919434e+00
2.790827155113220215e-01
1.378328204154968262e+00
-7.050260305404663086e-01
-1.104627847671508789e+00
-1.568466901779174805e+00
-5.731280520558357239e-02
-1.078604817390441895e+00
-1.925411820411682129e+00
-7.848688960075378418e-01
-1.563614845275878906e+00
1.168512225151062012e+00
3.481684625148773193e-01
1.367025494575500488e+00
3.969256281852722168e-01
-6.036704182624816895e-01
3.436933457851409912e-01
5.981827154755592346e-02
9.781066775321960449e-01
9.581294655799865723e-01
-1.955482721328735352e+00
3.229593038558959961e+00
1.047645688056945801e+00
-5.533458590507507324e-01
1.029735088348388672e+00
-3.143191814422607422e+00
1.164164066314697266e+00
7.818045616149902344e-01
-3.010879158973693848e-01
-1.942195653915405273e+00
1.149760723114013672e+00
2.176250070333480835e-01
-2.028321504592895508e+00
5.555417537689208984e-01
-2.999729156494140625e+00
-4.084388017654418945e-01
-2.718537807464599609e+00
-4.387456178665161133e-02
-9.229533076286315918e-01
5.857663154602050781e-01
9.116445779800415039e-01
1.189839124679565430e+00
-2.161478847265243530e-01
-1.477728366851806641e+00
1.270247459411621094e+00
5.656287670135498047e-01
9.190447926521301270e-01
1.130323886871337891e+00
2.666479945182800293e-01
-5.961114075034856796e-03
-6.325644254684448242e-01
3.641133308410644531e-01
5.176423192024230957e-01
-2.616644620895385742e+00
1.167545914649963379e+00
-1.943123191595077515e-01
6.138222217559814453e-01
-1.078436613082885742e+00
-1.048935055732727051e+00
-1.667605161666870117e+00
-1.059033036231994629e+00
1.134468317031860352e-01
-3.234983921051025391e+00
1.968584418296813965e+00
-7.668380625545978546e-03
-1.681478381156921387e+00
1.853595852851867676e+00
2.423109054565429688e+00
-1.219496577978134155e-01
-2.233975172042846680e+00
-7.089065909385681152e-01
-3.086111843585968018e-01
-2.650467455387115479e-01
2.340905189514160156e+00
4.278663396835327148e-01
-4.832693099975585938e+00
-9.186148643493652344e-01
5.725243091583251953e-01
7.839227318763732910e-01
1.107816696166992188e+00
-6.936935186386108398e-01
-1.563614845275878906e+00
3.229593038558959961e+00
1.047645688056945801e+00
-1.667605161666870117e+00
-4.084388017654418945e-01
-9.229533076286315918e-01
-1.943123191595077515e-01
-1.955482721328735352e+00
-3.143191814422607422e+00
2.176250070333480835e-01
