-0.000000000000000000e+00
2.572718560695648193e-01
-4.426939487457275391e-01
-1.408102869987487793e+00
1.619190536439418793e-02
0.000000000000000000e+00
-5.915418267250061035e-01
-1.022850256413221359e-02
0.000000000000000000e+00
2.352235317230224609e-01
-9.952694177627563477e-02
3.104919791221618652e-01
-2.326945215463638306e-01
0.000000000000000000e+00
-1.659279018640518188e-01
3.160434961318969727e-02
-3.130510151386260986e-01
5.511619448661804199e-01
-0.000000000000000000e+00
0.000000000000000000e+00
4.491232633590698242e-01
-1.776605963706970215e+00
0.000000000000000000e+00
-0.000000000000000000e+00
1.513566970825195312e+00
-0.000000000000000000e+00
-2.118918597698211670e-01
4.010826349258422852e-01
-0.000000000000000000e+00
1.380725800991058350e-01
2.405994415283203125e+00
0.000000000000000000e+00
0.000000000000000000e+00
-0.000000000000000000e+00
4.880432784557342529e-01
-6.382052302360534668e-01
3.572214841842651367e-01
-0.000000000000000000e+00
-5.476562976837158203e-01
-0.000000000000000000e+00
-0.000000000000000000e+00
8.454058766365051270e-01
4.150680601596832275e-01
4.703349769115447998e-01
-0.000000000000000000e+00
3.131990730762481689e-01
-0.000000000000000000e+00
-0.000000000000000000e+00
0.000000000000000000e+00
-1.108561530709266663e-01
-9.432407468557357788e-02
-6.900240778923034668e-01
-3.282368481159210205e-01
-0.000000000000000000e+00
-0.000000000000000000e+00
0.000000000000000000e+00
4.503128528594970703e-01
2.329221926629543304e-02
-1.767806410789489746e-01
-4.240818321704864502e-01
2.522446215152740479e-01
-3.711660206317901611e-01
7.240682244300842285e-01
-5.982261300086975098e-01
0.000000000000000000e+00
0.000000000000000000e+00
-1.121123228222131729e-02
4.413715302944183350e-01
-8.207098841667175293e-01
1.789304465055465698e-01
2.405837774276733398e-01
-7.804094552993774414e-01
-0.000000000000000000e+00
0.000000000000000000e+00
2.068848609924316406e-01
-0.000000000000000000e+00
-0.000000000000000000e+00
5.037909746170043945e-01
0.000000000000000000e+00
0.000000000000000000e+00
-0.000000000000000000e+00
-2.368663549423217773e-01
0.000000000000000000e+00
6.828531622886657715e-01
-0.000000000000000000e+00
0.000000000000000000e+00
0.000000000000000000e+00
-9.208919405937194824e-01
-0.000000000000000000e+00
1.385377645492553711e-01
-0.000000000000000000e+00
9.483581185340881348e-01
-2.262514233589172363e-01
-6.604726612567901611e-02
-0.000000000000000000e+00
1.840168237686157227e-01
0.000000000000000000e+00
-0.000000000000000000e+00
-5.920302271842956543e-01
-5.827286243438720703e-01
-1.408102869987487793e+00
3.572214841842651367e-01
2.405837774276733398e-01
-6.604726612567901611e-02
1.513566970825195312e+00
