0.000000000000000000e+00
-0.000000000000000000e+00
-2.934348285198211670e-01
-1.563303589820861816e+00
-0.000000000000000000e+00
0.000000000000000000e+00
0.000000000000000000e+00
0.000000000000000000e+00
2.384523153305053711e-01
-0.000000000000000000e+00
-3.329423367977142334e-01
3.936008512973785400e-01
-8.890812397003173828e-01
0.000000000000000000e+00
-2.689565122127532959e-01
-0.000000000000000000e+00
-0.000000000000000000e+00
3.961734175682067871e-01
5.599508881568908691e-01
5.303315520286560059e-01
2.911932170391082764e-01
-1.404971837997436523e+00
-0.000000000000000000e+00
-5.254342034459114075e-02
9.221907854080200195e-01
0.000000000000000000e+00
-3.424659073352813721e-01
0.000000000000000000e+00
0.000000000000000000e+00
-0.000000000000000000e+00
2.196229457855224609e+00
0.000000000000000000e+00
-9.856743365526199341e-02
-0.000000000000000000e+00
6.782712340354919434e-01
-4.191159009933471680e-01
0.000000000000000000e+00
-0.000000000000000000e+00
-2.655958831310272217e-01
-0.000000000000000000e+00
-0.000000000000000000e+00
6.970018744468688965e-01
4.758551418781280518e-01
8.928385972976684570e-01
-0.000000000000000000e+00
2.734511196613311768e-01
-0.000000000000000000e+00
-0.000000000000000000e+00
-3.912503719329833984e-01
-2.059674561023712158e-01
-2.970350533723831177e-02
-0.000000000000000000e+00
-1.175300478935241699e+00
-0.000000000000000000e+00
-0.000000000000000000e+00
3.727514743804931641e-01
3.613847494125366211e-01
3.550073504447937012e-01
0.000000000000000000e+00
-3.790196180343627930e-01
4.033488035202026367e-01
0.000000000000000000e+00
8.514620065689086914e-01
-4.408976137638092041e-01
0.000000000000000000e+00
0.000000000000000000e+00
0.000000000000000000e+00
4.280786812305450439e-01
-8.718728423118591309e-01
-0.000000000000000000e+00
9.498106837272644043e-01
-6.711794137954711914e-01
-0.000000000000000000e+00
0.000000000000000000e+00
-0.000000000000000000e+00
2.396228313446044922e-01
3.253253400325775146e-01
-0.000000000000000000e+00
0.000000000000000000e+00
0.000000000000000000e+00
-0.000000000000000000e+00
-2.655592560768127441e-01
-1.744336634874343872e-01
4.867264926433563232e-01
-0.000000000000000000e+00
-5.301153063774108887e-01
0.000000000000000000e+00
-0.000000000000000000e+00
3.384204804897308350e-01
-0.000000000000000000e+00
-0.000000000000000000e+00
1.030258536338806152e+00
-2.745186686515808105e-01
-7.717889547348022461e-02
-0.000000000000000000e+00
2.999998033046722412e-01
0.000000000000000000e+00
0.000000000000000000e+00
-0.000000000000000000e+00
-5.778327584266662598e-01
9.221907854080200195e-01
6.782712340354919434e-01
-1.175300478935241699e+00
-7.717889547348022461e-02
-1.563303589820861816e+00
