-0.000000000000000000e+00
-0.000000000000000000e+00
0.000000000000000000e+00
-8.550413846969604492e-01
1.113749817013740540e-01
0.000000000000000000e+00
-7.732181549072265625e-01
-4.339645057916641235e-02
2.829310297966003418e-02
-0.000000000000000000e+00
-2.129703015089035034e-01
5.335459709167480469e-01
-2.133494317531585693e-01
0.000000000000000000e+00
0.000000000000000000e+00
7.112587094306945801e-01
-9.202849268913269043e-01
5.070008039474487305e-01
0.000000000000000000e+00
5.412955284118652344e-01
4.989344477653503418e-01
-9.018223285675048828e-01
-0.000000000000000000e+00
0.000000000000000000e+00
2.008884906768798828e+00
0.000000000000000000e+00
-3.133646547794342041e-01
0.000000000000000000e+00
0.000000000000000000e+00
-0.000000000000000000e+00
2.410176515579223633e+00
0.000000000000000000e+00
0.000000000000000000e+00
-0.000000000000000000e+00
-0.000000000000000000e+00
-4.883633255958557129e-01
-0.000000000000000000e+00
0.000000000000000000e+00
-5.300459861755371094e-01
0.000000000000000000e+00
-0.000000000000000000e+00
8.021295070648193359e-01
-0.000000000000000000e+00
7.889782786369323730e-01
1.768065541982650757e-01
1.150570288300514221e-01
-0.000000000000000000e+00
-0.000000000000000000e+00
-4.578616023063659668e-01
0.000000000000000000e+00
0.000000000000000000e+00
-9.407963752746582031e-01
-9.912122488021850586e-01
-0.000000000000000000e+00
-0.000000000000000000e+00
0.000000000000000000e+00
5.918512940406799316e-01
9.592720270156860352e-01
0.000000000000000000e+00
-4.180140793323516846e-01
4.702968001365661621e-01
-0.000000000000000000e+00
7.035821676254272461e-01
-4.082520902156829834e-01
0.000000000000000000e+00
0.000000000000000000e+00
-2.793260812759399414e-01
5.012668967247009277e-01
-7.802034616470336914e-01
-0.000000000000000000e+00
-0.000000000000000000e+00
-7.421682476997375488e-01
-0.000000000000000000e+00
0.000000000000000000e+00
3.635081946849822998e-01
-0.000000000000000000e+00
3.642907440662384033e-01
-0.000000000000000000e+00
-3.120038211345672607e-01
0.000000000000000000e+00
0.000000000000000000e+00
-5.442005395889282227e-01
0.000000000000000000e+00
-0.000000000000000000e+00
2.848124206066131592e-01
0.000000000000000000e+00
0.000000000000000000e+00
-6.327416300773620605e-01
-0.000000000000000000e+00
-0.000000000000000000e+00
-0.000000000000000000e+00
1.529787927865982056e-01
-1.975251585245132446e-01
-7.308546453714370728e-02
-0.000000000000000000e+00
2.092186212539672852e-01
0.000000000000000000e+00
0.000000000000000000e+00
-1.053921699523925781e+00
-2.963882386684417725e-01
2.008884906768798828e+00
-7.308546453714370728e-02
-8.550413846969604492e-01
-9.912122488021850586e-01
