4.756449162960052490e-01
-0.000000000000000000e+00
0.000000000000000000e+00
0.000000000000000000e+00
-0.000000000000000000e+00
0.000000000000000000e+00
-1.963018029928207397e-01
2.285136729478836060e-01
-0.000000000000000000e+00
3.410623967647552490e-01
0.000000000000000000e+00
0.000000000000000000e+00
0.000000000000000000e+00
-0.000000000000000000e+00
-3.261737525463104248e-01
0.000000000000000000e+00
-0.000000000000000000e+00
-0.000000000000000000e+00
-7.559922933578491211e-01
0.000000000000000000e+00
-0.000000000000000000e+00
-0.000000000000000000e+00
-0.000000000000000000e+00
0.000000000000000000e+00
-0.000000000000000000e+00
-0.000000000000000000e+00
-0.000000000000000000e+00
-0.000000000000000000e+00
0.000000000000000000e+00
0.000000000000000000e+00
-1.919404864311218262e-01
-0.000000000000000000e+00
-0.000000000000000000e+00
0.000000000000000000e+00
2.370504885911941528e-01
-0.000000000000000000e+00
-0.000000000000000000e+00
0.000000000000000000e+00
2.331755459308624268e-01
-0.000000000000000000e+00
0.000000000000000000e+00
3.840035200119018555e-01
2.873150110244750977e-01
-0.000000000000000000e+00
-0.000000000000000000e+00
0.000000000000000000e+00
-0.000000000000000000e+00
0.000000000000000000e+00
-0.000000000000000000e+00
-0.000000000000000000e+00
-2.732173502445220947e-01
2.838637828826904297e-01
0.000000000000000000e+00
-0.000000000000000000e+00
-0.000000000000000000e+00
0.000000000000000000e+00
3.030704855918884277e-01
-0.000000000000000000e+00
0.000000000000000000e+00
0.000000000000000000e+00
-0.000000000000000000e+00
0.000000000000000000e+00
0.000000000000000000e+00
0.000000000000000000e+00
0.000000000000000000e+00
0.000000000000000000e+00
0.000000000000000000e+00
0.000000000000000000e+00
-0.000000000000000000e+00
-0.000000000000000000e+00
-0.000000000000000000e+00
0.000000000000000000e+00
-0.000000000000000000e+00
-0.000000000000000000e+00
0.000000000000000000e+00
-0.000000000000000000e+00
0.000000000000000000e+00
-0.000000000000000000e+00
-6.794543266296386719e-01
-0.000000000000000000e+00
-0.000000000000000000e+00
-2.025060206651687622e-01
-0.000000000000000000e+00
0.000000000000000000e+00
0.000000000000000000e+00
0.000000000000000000e+00
-3.030908107757568359e-01
-5.321807265281677246e-01
4.723707139492034912e-01
0.000000000000000000e+00
-0.000000000000000000e+00
-0.000000000000000000e+00
0.000000000000000000e+00
0.000000000000000000e+00
0.000000000000000000e+00
0.000000000000000000e+00
0.000000000000000000e+00
-0.000000000000000000e+00
-0.000000000000000000e+00
-0.000000000000000000e+00
2.873150110244750977e-01
-7.559922933578491211e-01
-3.030908107757568359e-01
-5.321807265281677246e-01
2.370504885911941528e-01
2.838637828826904297e-01
3.840035200119018555e-01
-6.794543266296386719e-01
-2.732173502445220947e-01
4.756449162960052490e-01
4.723707139492034912e-01
-2.025060206651687622e-01
3.410623967647552490e-01
-3.261737525463104248e-01
2.285136729478836060e-01
-1.963018029928207397e-01
2.331755459308624268e-01
3.030704855918884277e-01
