-0.000000000000000000e+00
-0.000000000000000000e+00
-0.000000000000000000e+00
1.973343193531036377e-01
-0.000000000000000000e+00
-0.000000000000000000e+00
0.000000000000000000e+00
-0.000000000000000000e+00
-0.000000000000000000e+00
-0.000000000000000000e+00
0.000000000000000000e+00
0.000000000000000000e+00
-0.000000000000000000e+00
-0.000000000000000000e+00
-0.000000000000000000e+00
-0.000000000000000000e+00
-0.000000000000000000e+00
0.000000000000000000e+00
0.000000000000000000e+00
-0.000000000000000000e+00
0.000000000000000000e+00
-0.000000000000000000e+00
0.000000000000000000e+00
0.000000000000000000e+00
-0.000000000000000000e+00
-5.480588674545288086e-01
-0.000000000000000000e+00
-0.000000000000000000e+00
0.000000000000000000e+00
-0.000000000000000000e+00
-0.000000000000000000e+00
6.349620223045349121e-01
-0.000000000000000000e+00
0.000000000000000000e+00
-0.000000000000000000e+00
3.033133745193481445e-01
0.000000000000000000e+00
0.000000000000000000e+00
-0.000000000000000000e+00
0.000000000000000000e+00
-0.000000000000000000e+00
-0.000000000000000000e+00
2.635696232318878174e-01
0.000000000000000000e+00
-0.000000000000000000e+00
0.000000000000000000e+00
2.189993560314178467e-01
0.000000000000000000e+00
5.779004096984863281e-01
0.000000000000000000e+00
-0.000000000000000000e+00
-4.551153481006622314e-01
-2.902840077877044678e-01
0.000000000000000000e+00
-0.000000000000000000e+00
3.147039115428924561e-01
-0.000000000000000000e+00
0.000000000000000000e+00
0.000000000000000000e+00
-0.000000000000000000e+00
-0.000000000000000000e+00
0.000000000000000000e+00
-0.000000000000000000e+00
-0.000000000000000000e+00
0.000000000000000000e+00
0.000000000000000000e+00
-0.000000000000000000e+00
0.000000000000000000e+00
0.000000000000000000e+00
0.000000000000000000e+00
0.000000000000000000e+00
0.000000000000000000e+00
0.000000000000000000e+00
-0.000000000000000000e+00
1.334474533796310425e-01
-2.864396870136260986e-01
-0.000000000000000000e+00
-0.000000000000000000e+00
1.422012150287628174e-01
0.000000000000000000e+00
0.000000000000000000e+00
0.000000000000000000e+00
0.000000000000000000e+00
0.000000000000000000e+00
-0.000000000000000000e+00
2.704061865806579590e-01
-0.000000000000000000e+00
-0.000000000000000000e+00
0.000000000000000000e+00
-4.638671278953552246e-01
-0.000000000000000000e+00
-0.000000000000000000e+00
0.000000000000000000e+00
-0.000000000000000000e+00
-0.000000000000000000e+00
7.751269340515136719e-01
-0.000000000000000000e+00
-0.000000000000000000e+00
0.000000000000000000e+00
0.000000000000000000e+00
2.704061865806579590e-01
5.779004096984863281e-01
-4.638671278953552246e-01
-2.864396870136260986e-01
6.349620223045349121e-01
-4.551153481006622314e-01
-2.902840077877044678e-01
3.147039115428924561e-01
1.422012150287628174e-01
1.973343193531036377e-01
2.189993560314178467e-01
7.751269340515136719e-01
-5.480588674545288086e-01
3.033133745193481445e-01
2.635696232318878174e-01
