0.000000000000000000e+00
-0.000000000000000000e+00
-2.998340427875518799e-01
-7.612922787666320801e-01
0.000000000000000000e+00
0.000000000000000000e+00
0.000000000000000000e+00
-3.733064234256744385e-01
0.000000000000000000e+00
-0.000000000000000000e+00
-1.192145869135856628e-01
7.515442967414855957e-01
-6.755219697952270508e-01
0.000000000000000000e+00
-2.357930094003677368e-01
9.683117270469665527e-02
-9.581204652786254883e-01
4.214404821395874023e-01
-0.000000000000000000e+00
4.907409846782684326e-01
3.598916828632354736e-01
-2.026144266128540039e+00
0.000000000000000000e+00
-0.000000000000000000e+00
2.371583938598632812e+00
-0.000000000000000000e+00
-4.724926352500915527e-01
0.000000000000000000e+00
-0.000000000000000000e+00
0.000000000000000000e+00
2.404411554336547852e+00
-0.000000000000000000e+00
-0.000000000000000000e+00
-0.000000000000000000e+00
3.658565282821655273e-01
-2.493811845779418945e-01
-0.000000000000000000e+00
0.000000000000000000e+00
-5.804774165153503418e-01
-0.000000000000000000e+00
-0.000000000000000000e+00
8.684319257736206055e-01
-0.000000000000000000e+00
7.120590806007385254e-01
-0.000000000000000000e+00
3.514833450317382812e-01
-0.000000000000000000e+00
-0.000000000000000000e+00
-2.329910993576049805e-01
-3.747181594371795654e-01
0.000000000000000000e+00
-8.551021814346313477e-01
-1.889349371194839478e-01
-0.000000000000000000e+00
-0.000000000000000000e+00
5.850481390953063965e-01
3.907156288623809814e-01
-0.000000000000000000e+00
0.000000000000000000e+00
-6.067830324172973633e-01
-0.000000000000000000e+00
-2.135918438434600830e-01
9.320067167282104492e-01
-7.639206051826477051e-01
-0.000000000000000000e+00
0.000000000000000000e+00
0.000000000000000000e+00
4.481131434440612793e-01
-8.257429599761962891e-01
2.364758998155593872e-01
-0.000000000000000000e+00
-4.567641615867614746e-01
0.000000000000000000e+00
0.000000000000000000e+00
1.139734014868736267e-01
-0.000000000000000000e+00
5.307509303092956543e-01
-0.000000000000000000e+00
0.000000000000000000e+00
0.000000000000000000e+00
-0.000000000000000000e+00
-5.204972028732299805e-01
-0.000000000000000000e+00
-0.000000000000000000e+00
-0.000000000000000000e+00
0.000000000000000000e+00
0.000000000000000000e+00
-1.252615638077259064e-02
-0.000000000000000000e+00
2.462974339723587036e-01
-0.000000000000000000e+00
2.794754803180694580e-01
-1.489839851856231689e-01
-6.968785077333450317e-02
-0.000000000000000000e+00
3.266360163688659668e-01
0.000000000000000000e+00
-0.000000000000000000e+00
-0.000000000000000000e+00
-8.219889402389526367e-01
-1.889349371194839478e-01
3.658565282821655273e-01
-7.612922787666320801e-01
2.371583938598632812e+00
-6.968785077333450317e-02
