-1.490257866680622101e-02
-0.000000000000000000e+00
-4.614937603473663330e-01
-6.240431666374206543e-01
7.893837690353393555e-01
-1.610061228275299072e-01
-3.560431301593780518e-01
-4.268937557935714722e-02
-0.000000000000000000e+00
-0.000000000000000000e+00
0.000000000000000000e+00
4.026205837726593018e-01
-8.540125489234924316e-01
0.000000000000000000e+00
0.000000000000000000e+00
4.248524606227874756e-01
-1.051387786865234375e+00
6.552503705024719238e-01
0.000000000000000000e+00
4.941723346710205078e-01
3.892856538295745850e-01
-5.710325241088867188e-01
-0.000000000000000000e+00
0.000000000000000000e+00
1.231576919555664062e+00
0.000000000000000000e+00
-2.869010865688323975e-01
0.000000000000000000e+00
-0.000000000000000000e+00
-0.000000000000000000e+00
2.362868785858154297e+00
-0.000000000000000000e+00
0.000000000000000000e+00
-0.000000000000000000e+00
6.412183046340942383e-01
-3.381094038486480713e-01
-0.000000000000000000e+00
-0.000000000000000000e+00
-3.808940351009368896e-01
-0.000000000000000000e+00
-0.000000000000000000e+00
7.003259658813476562e-01
-0.000000000000000000e+00
7.849141359329223633e-01
-0.000000000000000000e+00
1.660543829202651978e-01
-0.000000000000000000e+00
-0.000000000000000000e+00
-6.513354182243347168e-02
-3.336003720760345459e-01
0.000000000000000000e+00
-5.148224234580993652e-01
-1.476921439170837402e+00
-0.000000000000000000e+00
-0.000000000000000000e+00
7.974640727043151855e-01
2.496670782566070557e-01
3.140906989574432373e-01
0.000000000000000000e+00
-3.991513252258300781e-01
-0.000000000000000000e+00
-5.316812992095947266e-01
5.940819382667541504e-01
-5.365445017814636230e-01
0.000000000000000000e+00
-5.697835683822631836e-01
0.000000000000000000e+00
4.695803225040435791e-01
-8.760483860969543457e-01
5.342272520065307617e-01
0.000000000000000000e+00
-4.474084377288818359e-01
-0.000000000000000000e+00
0.000000000000000000e+00
1.572640091180801392e-01
-0.000000000000000000e+00
4.652788937091827393e-01
4.434639513492584229e-01
0.000000000000000000e+00
0.000000000000000000e+00
-0.000000000000000000e+00
-4.612354636192321777e-01
-0.000000000000000000e+00
5.839950442314147949e-01
6.584399193525314331e-02
-7.190685719251632690e-02
0.000000000000000000e+00
-5.806862711906433105e-01
-0.000000000000000000e+00
-0.000000000000000000e+00
-0.000000000000000000e+00
2.752414643764495850e-01
-1.337869316339492798e-01
-6.858073920011520386e-02
-0.000000000000000000e+00
2.479028105735778809e-01
0.000000000000000000e+00
-2.453888803720474243e-01
-0.000000000000000000e+00
-6.743711829185485840e-01
-6.240431666374206543e-01
1.231576919555664062e+00
6.412183046340942383e-01
-6.858073920011520386e-02
-1.476921439170837402e+00
