-0.000000000000000000e+00
-0.000000000000000000e+00
0.000000000000000000e+00
0.000000000000000000e+00
-0.000000000000000000e+00
0.000000000000000000e+00
-1.929613500833511353e-01
-0.000000000000000000e+00
-0.000000000000000000e+00
3.621670305728912354e-01
0.000000000000000000e+00
1.124101504683494568e-01
0.000000000000000000e+00
-0.000000000000000000e+00
-4.168255627155303955e-01
0.000000000000000000e+00
-0.000000000000000000e+00
-0.000000000000000000e+00
0.000000000000000000e+00
0.000000000000000000e+00
-0.000000000000000000e+00
0.000000000000000000e+00
-0.000000000000000000e+00
0.000000000000000000e+00
0.000000000000000000e+00
-0.000000000000000000e+00
-0.000000000000000000e+00
-0.000000000000000000e+00
3.813461959362030029e-01
0.000000000000000000e+00
-0.000000000000000000e+00
-0.000000000000000000e+00
-0.000000000000000000e+00
0.000000000000000000e+00
2.456033974885940552e-01
-0.000000000000000000e+00
-0.000000000000000000e+00
0.000000000000000000e+00
2.251124978065490723e-01
0.000000000000000000e+00
0.000000000000000000e+00
-0.000000000000000000e+00
2.731561660766601562e-01
-0.000000000000000000e+00
-0.000000000000000000e+00
0.000000000000000000e+00
-0.000000000000000000e+00
0.000000000000000000e+00
-0.000000000000000000e+00
-0.000000000000000000e+00
-1.916539818048477173e-01
2.658887207508087158e-01
-0.000000000000000000e+00
-0.000000000000000000e+00
-0.000000000000000000e+00
0.000000000000000000e+00
-0.000000000000000000e+00
-0.000000000000000000e+00
0.000000000000000000e+00
0.000000000000000000e+00
-2.347426488995552063e-02
0.000000000000000000e+00
-0.000000000000000000e+00
-0.000000000000000000e+00
0.000000000000000000e+00
0.000000000000000000e+00
0.000000000000000000e+00
0.000000000000000000e+00
-0.000000000000000000e+00
-0.000000000000000000e+00
-0.000000000000000000e+00
0.000000000000000000e+00
-0.000000000000000000e+00
-0.000000000000000000e+00
-4.683347344398498535e-01
-0.000000000000000000e+00
0.000000000000000000e+00
-0.000000000000000000e+00
-6.023702025413513184e-01
-0.000000000000000000e+00
-0.000000000000000000e+00
-4.013481736183166504e-01
-0.000000000000000000e+00
-4.170577824115753174e-01
0.000000000000000000e+00
0.000000000000000000e+00
-3.072146773338317871e-01
-6.337216496467590332e-01
5.213002562522888184e-01
-2.298114001750946045e-01
-0.000000000000000000e+00
-0.000000000000000000e+00
0.000000000000000000e+00
0.000000000000000000e+00
-0.000000000000000000e+00
0.000000000000000000e+00
-2.532571256160736084e-01
-0.000000000000000000e+00
-0.000000000000000000e+00
-0.000000000000000000e+00
-3.072146773338317871e-01
3.621670305728912354e-01
-4.683347344398498535e-01
-4.170577824115753174e-01
-2.298114001750946045e-01
2.456033974885940552e-01
5.213002562522888184e-01
3.813461959362030029e-01
2.658887207508087158e-01
2.731561660766601562e-01
-4.013481736183166504e-01
-6.337216496467590332e-01
-1.929613500833511353e-01
-2.532571256160736084e-01
-6.023702025413513184e-01
-4.168255627155303955e-01
