0.000000000000000000e+00
2.874111235141754150e-01
0.000000000000000000e+00
0.000000000000000000e+00
-0.000000000000000000e+00
0.000000000000000000e+00
0.000000000000000000e+00
-0.000000000000000000e+00
-0.000000000000000000e+00
0.000000000000000000e+00
0.000000000000000000e+00
0.000000000000000000e+00
-0.000000000000000000e+00
0.000000000000000000e+00
-0.000000000000000000e+00
-0.000000000000000000e+00
0.000000000000000000e+00
-0.000000000000000000e+00
-5.507364869117736816e-01
4.816793501377105713e-01
0.000000000000000000e+00
2.286782413721084595e-01
2.699909508228302002e-01
-0.000000000000000000e+00
0.000000000000000000e+00
0.000000000000000000e+00
-0.000000000000000000e+00
-0.000000000000000000e+00
-0.000000000000000000e+00
0.000000000000000000e+00
0.000000000000000000e+00
2.042476832866668701e-01
-0.000000000000000000e+00
0.000000000000000000e+00
-0.000000000000000000e+00
0.000000000000000000e+00
0.000000000000000000e+00
0.000000000000000000e+00
-0.000000000000000000e+00
-1.945140063762664795e-01
-0.000000000000000000e+00
-4.760818779468536377e-01
0.000000000000000000e+00
-0.000000000000000000e+00
0.000000000000000000e+00
0.000000000000000000e+00
0.000000000000000000e+00
0.000000000000000000e+00
-2.610718905925750732e-01
0.000000000000000000e+00
0.000000000000000000e+00
0.000000000000000000e+00
0.000000000000000000e+00
4.262027442455291748e-01
-0.000000000000000000e+00
0.000000000000000000e+00
2.211381345987319946e-01
-0.000000000000000000e+00
0.000000000000000000e+00
0.000000000000000000e+00
3.949350714683532715e-01
0.000000000000000000e+00
0.000000000000000000e+00
0.000000000000000000e+00
0.000000000000000000e+00
0.000000000000000000e+00
-0.000000000000000000e+00
-0.000000000000000000e+00
-0.000000000000000000e+00
5.911763906478881836e-01
0.000000000000000000e+00
1.790063530206680298e-01
0.000000000000000000e+00
-0.000000000000000000e+00
2.103851586580276489e-01
0.000000000000000000e+00
-0.000000000000000000e+00
0.000000000000000000e+00
-0.000000000000000000e+00
0.000000000000000000e+00
4.516601562500000000e-01
3.446274399757385254e-01
-0.000000000000000000e+00
-0.000000000000000000e+00
0.000000000000000000e+00
-0.000000000000000000e+00
-2.209144532680511475e-01
-7.844902575016021729e-02
0.000000000000000000e+00
0.000000000000000000e+00
3.022317886352539062e-01
-0.000000000000000000e+00
0.000000000000000000e+00
-2.572897970676422119e-01
0.000000000000000000e+00
-0.000000000000000000e+00
0.000000000000000000e+00
-0.000000000000000000e+00
-0.000000000000000000e+00
0.000000000000000000e+00
-5.507364869117736816e-01
2.286782413721084595e-01
3.949350714683532715e-01
1.790063530206680298e-01
4.262027442455291748e-01
3.446274399757385254e-01
2.699909508228302002e-01
-2.610718905925750732e-01
2.874111235141754150e-01
2.042476832866668701e-01
4.816793501377105713e-01
-4.760818779468536377e-01
4.516601562500000000e-01
3.022317886352539062e-01
2.103851586580276489e-01
-1.945140063762664795e-01
-2.209144532680511475e-01
-7.844902575016021729e-02
5.911763906478881836e-01
