0.000000000000000000e+00
-0.000000000000000000e+00
0.000000000000000000e+00
0.000000000000000000e+00
-0.000000000000000000e+00
0.000000000000000000e+00
-8.191442489624023438e-02
-0.000000000000000000e+00
-0.000000000000000000e+00
4.948572218418121338e-01
0.000000000000000000e+00
0.000000000000000000e+00
0.000000000000000000e+00
-0.000000000000000000e+00
-3.407798409461975098e-01
0.000000000000000000e+00
-0.000000000000000000e+00
-0.000000000000000000e+00
-6.984801292419433594e-01
0.000000000000000000e+00
-0.000000000000000000e+00
0.000000000000000000e+00
-0.000000000000000000e+00
0.000000000000000000e+00
3.007504343986511230e-01
-0.000000000000000000e+00
-0.000000000000000000e+00
-0.000000000000000000e+00
-0.000000000000000000e+00
0.000000000000000000e+00
-8.795241266489028931e-02
-0.000000000000000000e+00
-0.000000000000000000e+00
0.000000000000000000e+00
2.120172530412673950e-01
-0.000000000000000000e+00
-0.000000000000000000e+00
0.000000000000000000e+00
2.584362030029296875e-01
-0.000000000000000000e+00
-0.000000000000000000e+00
-0.000000000000000000e+00
2.621726095676422119e-01
-0.000000000000000000e+00
-0.000000000000000000e+00
0.000000000000000000e+00
-0.000000000000000000e+00
0.000000000000000000e+00
-0.000000000000000000e+00
-0.000000000000000000e+00
-1.430085003376007080e-01
-0.000000000000000000e+00
0.000000000000000000e+00
0.000000000000000000e+00
-0.000000000000000000e+00
-1.569876521825790405e-01
-0.000000000000000000e+00
-0.000000000000000000e+00
0.000000000000000000e+00
0.000000000000000000e+00
-2.903181500732898712e-02
0.000000000000000000e+00
-0.000000000000000000e+00
-0.000000000000000000e+00
0.000000000000000000e+00
0.000000000000000000e+00
0.000000000000000000e+00
0.000000000000000000e+00
-0.000000000000000000e+00
-0.000000000000000000e+00
-0.000000000000000000e+00
0.000000000000000000e+00
-0.000000000000000000e+00
-0.000000000000000000e+00
-4.742927253246307373e-01
-0.000000000000000000e+00
0.000000000000000000e+00
-0.000000000000000000e+00
-5.417071580886840820e-01
-0.000000000000000000e+00
-0.000000000000000000e+00
-2.041015326976776123e-01
-0.000000000000000000e+00
-7.045927643775939941e-01
0.000000000000000000e+00
0.000000000000000000e+00
-2.929099202156066895e-01
-6.486197710037231445e-01
-0.000000000000000000e+00
-2.222939133644104004e-01
-0.000000000000000000e+00
-0.000000000000000000e+00
0.000000000000000000e+00
0.000000000000000000e+00
0.000000000000000000e+00
0.000000000000000000e+00
0.000000000000000000e+00
-0.000000000000000000e+00
-0.000000000000000000e+00
-0.000000000000000000e+00
-2.929099202156066895e-01
4.948572218418121338e-01
2.621726095676422119e-01
-6.486197710037231445e-01
-5.417071580886840820e-01
-2.041015326976776123e-01
2.120172530412673950e-01
-7.045927643775939941e-01
-4.742927253246307373e-01
-3.407798409461975098e-01
-2.222939133644104004e-01
-8.191442489624023438e-02
3.007504343986511230e-01
2.584362030029296875e-01
-1.430085003376007080e-01
-6.984801292419433594e-01
