0.000000000000000000e+00
-0.000000000000000000e+00
-1.446357518434524536e-01
-1.889960765838623047e+00
0.000000000000000000e+00
0.000000000000000000e+00
-3.060445487499237061e-01
-3.125305473804473877e-02
3.037189245223999023e-01
3.165859282016754150e-01
0.000000000000000000e+00
4.514481723308563232e-01
-1.726484745740890503e-01
-2.133513987064361572e-01
0.000000000000000000e+00
4.385771155357360840e-01
-9.579709172248840332e-01
4.086213707923889160e-01
-0.000000000000000000e+00
4.798466265201568604e-01
4.126277565956115723e-01
-0.000000000000000000e+00
-0.000000000000000000e+00
-0.000000000000000000e+00
1.089462280273437500e+00
-0.000000000000000000e+00
-4.653508365154266357e-01
1.495912909507751465e+00
0.000000000000000000e+00
0.000000000000000000e+00
2.462164878845214844e+00
-0.000000000000000000e+00
-0.000000000000000000e+00
-0.000000000000000000e+00
7.002148628234863281e-01
-3.750649094581604004e-01
3.053348362445831299e-01
0.000000000000000000e+00
-4.131943285465240479e-01
2.941931784152984619e-01
-0.000000000000000000e+00
7.598683238029479980e-01
-0.000000000000000000e+00
8.121635317802429199e-01
-0.000000000000000000e+00
1.601047366857528687e-01
2.651660442352294922e-01
-0.000000000000000000e+00
-1.383627504110336304e-01
-2.333716154098510742e-01
0.000000000000000000e+00
-7.743945717811584473e-01
0.000000000000000000e+00
-0.000000000000000000e+00
-0.000000000000000000e+00
0.000000000000000000e+00
4.400245547294616699e-01
1.959222257137298584e-01
0.000000000000000000e+00
-2.753906250000000000e-01
2.598969042301177979e-01
-1.061385571956634521e-01
8.445799350738525391e-01
-5.519967675209045410e-01
0.000000000000000000e+00
0.000000000000000000e+00
-7.960705459117889404e-02
4.012997150421142578e-01
-8.352898955345153809e-01
-0.000000000000000000e+00
-0.000000000000000000e+00
-1.122911125421524048e-01
-0.000000000000000000e+00
0.000000000000000000e+00
8.344817757606506348e-01
-0.000000000000000000e+00
7.883427143096923828e-01
-0.000000000000000000e+00
-0.000000000000000000e+00
0.000000000000000000e+00
1.497364193201065063e-01
-8.544823527336120605e-02
-0.000000000000000000e+00
-0.000000000000000000e+00
-0.000000000000000000e+00
0.000000000000000000e+00
0.000000000000000000e+00
-6.162763833999633789e-01
-0.000000000000000000e+00
3.178491294384002686e-01
-0.000000000000000000e+00
2.461938560009002686e-01
-8.163569867610931396e-02
-7.325216382741928101e-02
-0.000000000000000000e+00
1.147870197892189026e-01
0.000000000000000000e+00
0.000000000000000000e+00
0.000000000000000000e+00
-6.672476530075073242e-01
7.002148628234863281e-01
-7.325216382741928101e-02
1.089462280273437500e+00
-1.889960765838623047e+00
