0.000000000000000000e+00
-0.000000000000000000e+00
-5.458508133888244629e-01
-1.638042092323303223e+00
1.074662804603576660e+00
-1.393338590860366821e-01
-5.293229222297668457e-01
0.000000000000000000e+00
4.651686847209930420e-01
3.331268131732940674e-01
0.000000000000000000e+00
-0.000000000000000000e+00
-5.729868412017822266e-01
0.000000000000000000e+00
-3.739672303199768066e-01
5.578655004501342773e-01
-9.054834842681884766e-01
5.583015680313110352e-01
-0.000000000000000000e+00
4.594534933567047119e-01
1.991845518350601196e-01
-9.062036275863647461e-01
-0.000000000000000000e+00
-1.409756839275360107e-01
7.402787208557128906e-01
-1.928557157516479492e-01
-3.074283003807067871e-01
0.000000000000000000e+00
-0.000000000000000000e+00
5.566858872771263123e-02
2.428725719451904297e+00
-8.475087285041809082e-01
0.000000000000000000e+00
-0.000000000000000000e+00
1.068729996681213379e+00
-3.753663003444671631e-01
-0.000000000000000000e+00
0.000000000000000000e+00
-2.683196961879730225e-01
-0.000000000000000000e+00
-0.000000000000000000e+00
6.309702396392822266e-01
-0.000000000000000000e+00
4.844337403774261475e-01
-0.000000000000000000e+00
3.590145409107208252e-01
-0.000000000000000000e+00
-0.000000000000000000e+00
-3.381787240505218506e-01
-3.731528520584106445e-01
0.000000000000000000e+00
-9.522466659545898438e-01
0.000000000000000000e+00
-0.000000000000000000e+00
-0.000000000000000000e+00
2.370748482644557953e-02
2.697478532791137695e-01
6.198063492774963379e-01
0.000000000000000000e+00
-4.221310615539550781e-01
2.742498219013214111e-01
-5.192362666130065918e-01
5.120286941528320312e-01
-5.556675195693969727e-01
0.000000000000000000e+00
0.000000000000000000e+00
-1.255523413419723511e-01
5.565696954727172852e-01
-9.317774176597595215e-01
5.398681387305259705e-02
-0.000000000000000000e+00
-1.779354065656661987e-01
-0.000000000000000000e+00
0.000000000000000000e+00
1.924811899662017822e-01
-0.000000000000000000e+00
2.129537612199783325e-01
3.885622620582580566e-01
0.000000000000000000e+00
0.000000000000000000e+00
-0.000000000000000000e+00
-4.814205169677734375e-01
0.000000000000000000e+00
5.791966915130615234e-01
-0.000000000000000000e+00
0.000000000000000000e+00
0.000000000000000000e+00
-6.169294714927673340e-01
-0.000000000000000000e+00
-0.000000000000000000e+00
-0.000000000000000000e+00
2.706663608551025391e-01
-7.940162718296051025e-02
-6.110320985317230225e-02
-0.000000000000000000e+00
3.782680258154869080e-02
0.000000000000000000e+00
0.000000000000000000e+00
-3.839099109172821045e-01
-6.382770538330078125e-01
-1.638042092323303223e+00
-6.110320985317230225e-02
-8.475087285041809082e-01
1.068729996681213379e+00
