0.000000000000000000e+00
6.028550863265991211e-01
-1.397921085357666016e+00
-0.000000000000000000e+00
0.000000000000000000e+00
0.000000000000000000e+00
-4.230683743953704834e-01
-4.174320027232170105e-02
-0.000000000000000000e+00
6.328688561916351318e-02
0.000000000000000000e+00
1.927116960287094116e-01
-7.929455041885375977e-01
0.000000000000000000e+00
0.000000000000000000e+00
3.045356571674346924e-01
-0.000000000000000000e+00
3.660223484039306641e-01
-0.000000000000000000e+00
0.000000000000000000e+00
5.581273436546325684e-01
-1.400462508201599121e+00
0.000000000000000000e+00
0.000000000000000000e+00
1.141079068183898926e+00
0.000000000000000000e+00
-4.618020057678222656e-01
0.000000000000000000e+00
4.528916627168655396e-02
-0.000000000000000000e+00
2.020489215850830078e+00
0.000000000000000000e+00
0.000000000000000000e+00
-0.000000000000000000e+00
5.605132579803466797e-01
-4.042025208473205566e-01
-0.000000000000000000e+00
-0.000000000000000000e+00
-6.075421571731567383e-01
-0.000000000000000000e+00
-0.000000000000000000e+00
6.507651209831237793e-01
2.258746773004531860e-01
7.844377160072326660e-01
-0.000000000000000000e+00
2.571809589862823486e-01
-0.000000000000000000e+00
-0.000000000000000000e+00
-5.007668137550354004e-01
-6.547236442565917969e-02
-1.156213358044624329e-01
0.000000000000000000e+00
0.000000000000000000e+00
-0.000000000000000000e+00
-0.000000000000000000e+00
9.777767658233642578e-01
3.410007357597351074e-01
6.506156176328659058e-02
-2.901347577571868896e-01
-3.834050893783569336e-01
8.501579761505126953e-01
-5.660296678543090820e-01
8.726820349693298340e-01
-4.213237762451171875e-01
0.000000000000000000e+00
0.000000000000000000e+00
-3.625563085079193115e-01
4.416970312595367432e-01
-7.545461058616638184e-01
-0.000000000000000000e+00
2.181478142738342285e-01
-6.809260249137878418e-01
-0.000000000000000000e+00
-8.180951476097106934e-01
1.589879244565963745e-01
-0.000000000000000000e+00
4.080440402030944824e-01
4.080278575420379639e-01
0.000000000000000000e+00
0.000000000000000000e+00
-0.000000000000000000e+00
-4.709071516990661621e-01
0.000000000000000000e+00
-0.000000000000000000e+00
-0.000000000000000000e+00
0.000000000000000000e+00
0.000000000000000000e+00
-8.361685276031494141e-02
-0.000000000000000000e+00
1.668651998043060303e-01
-0.000000000000000000e+00
3.197073936462402344e-01
0.000000000000000000e+00
-6.196404621005058289e-02
-0.000000000000000000e+00
-0.000000000000000000e+00
0.000000000000000000e+00
-6.723399162292480469e-01
-2.775234282016754150e-01
-5.886615514755249023e-01
-1.397921085357666016e+00
3.045356571674346924e-01
-8.180951476097106934e-01
-6.196404621005058289e-02
1.141079068183898926e+00
