-0.000000000000000000e+00
0.000000000000000000e+00
-0.000000000000000000e+00
-2.585917711257934570e-01
-0.000000000000000000e+00
-0.000000000000000000e+00
-0.000000000000000000e+00
-0.000000000000000000e+00
7.615284621715545654e-02
0.000000000000000000e+00
-0.000000000000000000e+00
1.732917279005050659e-01
-6.971636414527893066e-01
-0.000000000000000000e+00
-2.955239824950695038e-02
4.070229232311248779e-01
-1.416819572448730469e+00
3.150054812431335449e-01
0.000000000000000000e+00
-0.000000000000000000e+00
4.399374127388000488e-01
-1.043419599533081055e+00
-0.000000000000000000e+00
-0.000000000000000000e+00
1.698904991149902344e+00
-0.000000000000000000e+00
-5.440191626548767090e-01
7.984818816184997559e-01
0.000000000000000000e+00
0.000000000000000000e+00
2.070849180221557617e+00
0.000000000000000000e+00
-0.000000000000000000e+00
0.000000000000000000e+00
4.503450989723205566e-01
-2.788482308387756348e-01
0.000000000000000000e+00
0.000000000000000000e+00
-3.417063355445861816e-01
0.000000000000000000e+00
0.000000000000000000e+00
1.030747890472412109e+00
-0.000000000000000000e+00
7.424464821815490723e-01
0.000000000000000000e+00
0.000000000000000000e+00
0.000000000000000000e+00
-0.000000000000000000e+00
-5.364654585719108582e-02
-0.000000000000000000e+00
-4.719870164990425110e-02
-0.000000000000000000e+00
0.000000000000000000e+00
0.000000000000000000e+00
0.000000000000000000e+00
2.371991574764251709e-01
4.061532318592071533e-01
0.000000000000000000e+00
-0.000000000000000000e+00
-4.142573475837707520e-01
0.000000000000000000e+00
-4.514798223972320557e-01
7.821226716041564941e-01
-5.982142686843872070e-01
-0.000000000000000000e+00
-5.825525522232055664e-01
-4.160152375698089600e-01
4.747021198272705078e-01
-7.451488375663757324e-01
2.252472192049026489e-01
1.099097967147827148e+00
-1.392974972724914551e+00
-0.000000000000000000e+00
-0.000000000000000000e+00
-0.000000000000000000e+00
0.000000000000000000e+00
3.963224291801452637e-01
0.000000000000000000e+00
-0.000000000000000000e+00
-0.000000000000000000e+00
0.000000000000000000e+00
-5.707802176475524902e-01
0.000000000000000000e+00
2.795976102352142334e-01
0.000000000000000000e+00
-0.000000000000000000e+00
-0.000000000000000000e+00
-5.026188492774963379e-01
1.679818481206893921e-01
0.000000000000000000e+00
0.000000000000000000e+00
4.572327435016632080e-01
-0.000000000000000000e+00
-5.119695141911506653e-02
0.000000000000000000e+00
1.409535109996795654e-02
-0.000000000000000000e+00
-0.000000000000000000e+00
-2.056059092283248901e-01
-5.166438221931457520e-01
1.698904991149902344e+00
1.099097967147827148e+00
-2.585917711257934570e-01
-0.000000000000000000e+00
-5.119695141911506653e-02
