0.000000000000000000e+00
-0.000000000000000000e+00
-1.232512354850769043e+00
-7.932640910148620605e-01
7.271507382392883301e-01
0.000000000000000000e+00
-7.321172952651977539e-02
-7.195711601525545120e-03
6.882952153682708740e-02
-0.000000000000000000e+00
-2.928994596004486084e-01
6.959390640258789062e-01
-3.549148142337799072e-01
0.000000000000000000e+00
-4.874451458454132080e-01
0.000000000000000000e+00
-0.000000000000000000e+00
4.334049820899963379e-01
0.000000000000000000e+00
0.000000000000000000e+00
3.395402431488037109e-01
-9.039919972419738770e-01
-0.000000000000000000e+00
0.000000000000000000e+00
1.317759275436401367e+00
0.000000000000000000e+00
-4.193355739116668701e-01
8.530085682868957520e-01
-0.000000000000000000e+00
-0.000000000000000000e+00
2.140183210372924805e+00
-0.000000000000000000e+00
0.000000000000000000e+00
0.000000000000000000e+00
5.082611441612243652e-01
-4.526756405830383301e-01
1.943181268870830536e-02
1.667559444904327393e-01
-4.483821392059326172e-01
7.917445302009582520e-01
-0.000000000000000000e+00
7.875681519508361816e-01
-0.000000000000000000e+00
2.931368947029113770e-01
-0.000000000000000000e+00
1.107463315129280090e-01
4.129473567008972168e-01
-0.000000000000000000e+00
-1.025451272726058960e-01
0.000000000000000000e+00
0.000000000000000000e+00
-7.368222475051879883e-01
-1.989637017250061035e-01
-0.000000000000000000e+00
-0.000000000000000000e+00
0.000000000000000000e+00
3.267914950847625732e-01
4.887838289141654968e-02
0.000000000000000000e+00
-3.260731697082519531e-01
-0.000000000000000000e+00
-5.145478844642639160e-01
6.539672613143920898e-01
-4.566786885261535645e-01
0.000000000000000000e+00
0.000000000000000000e+00
-5.770336985588073730e-01
4.735807180404663086e-01
-7.939212322235107422e-01
5.677653551101684570e-01
-0.000000000000000000e+00
-0.000000000000000000e+00
-0.000000000000000000e+00
0.000000000000000000e+00
8.223137259483337402e-01
-0.000000000000000000e+00
5.128839612007141113e-01
-0.000000000000000000e+00
-1.006950661540031433e-01
0.000000000000000000e+00
-0.000000000000000000e+00
-2.917231321334838867e-01
-0.000000000000000000e+00
4.004556536674499512e-01
4.017909169197082520e-01
0.000000000000000000e+00
0.000000000000000000e+00
-6.424603462219238281e-01
-0.000000000000000000e+00
-0.000000000000000000e+00
-0.000000000000000000e+00
3.666851818561553955e-01
0.000000000000000000e+00
-6.579709053039550781e-02
-0.000000000000000000e+00
1.187445446848869324e-01
-3.662139177322387695e-01
0.000000000000000000e+00
-0.000000000000000000e+00
-5.488501191139221191e-01
-1.232512354850769043e+00
-7.932640910148620605e-01
1.317759275436401367e+00
-6.579709053039550781e-02
