-0.000000000000000000e+00
2.430105805397033691e-01
0.000000000000000000e+00
0.000000000000000000e+00
-0.000000000000000000e+00
0.000000000000000000e+00
-1.884990781545639038e-01
2.223151922225952148e-01
-0.000000000000000000e+00
-0.000000000000000000e+00
0.000000000000000000e+00
0.000000000000000000e+00
0.000000000000000000e+00
-0.000000000000000000e+00
-5.399997234344482422e-01
0.000000000000000000e+00
-0.000000000000000000e+00
-0.000000000000000000e+00
-3.039759397506713867e-01
0.000000000000000000e+00
-0.000000000000000000e+00
0.000000000000000000e+00
-0.000000000000000000e+00
0.000000000000000000e+00
2.671961784362792969e-01
0.000000000000000000e+00
-0.000000000000000000e+00
-0.000000000000000000e+00
0.000000000000000000e+00
0.000000000000000000e+00
0.000000000000000000e+00
0.000000000000000000e+00
-0.000000000000000000e+00
0.000000000000000000e+00
-0.000000000000000000e+00
-0.000000000000000000e+00
-0.000000000000000000e+00
0.000000000000000000e+00
2.352106869220733643e-01
-0.000000000000000000e+00
-0.000000000000000000e+00
3.805860280990600586e-01
2.615578770637512207e-01
-0.000000000000000000e+00
0.000000000000000000e+00
0.000000000000000000e+00
-0.000000000000000000e+00
0.000000000000000000e+00
-0.000000000000000000e+00
-0.000000000000000000e+00
-1.941607296466827393e-01
-0.000000000000000000e+00
0.000000000000000000e+00
-0.000000000000000000e+00
0.000000000000000000e+00
-0.000000000000000000e+00
-0.000000000000000000e+00
-0.000000000000000000e+00
0.000000000000000000e+00
0.000000000000000000e+00
0.000000000000000000e+00
0.000000000000000000e+00
-0.000000000000000000e+00
-0.000000000000000000e+00
0.000000000000000000e+00
0.000000000000000000e+00
-0.000000000000000000e+00
0.000000000000000000e+00
-0.000000000000000000e+00
-0.000000000000000000e+00
-0.000000000000000000e+00
0.000000000000000000e+00
-0.000000000000000000e+00
-0.000000000000000000e+00
-4.437167942523956299e-01
-0.000000000000000000e+00
0.000000000000000000e+00
-0.000000000000000000e+00
-5.485045909881591797e-01
-0.000000000000000000e+00
-0.000000000000000000e+00
-3.907986879348754883e-01
-0.000000000000000000e+00
-7.898435592651367188e-01
0.000000000000000000e+00
0.000000000000000000e+00
-2.958268821239471436e-01
-6.518130898475646973e-01
-0.000000000000000000e+00
0.000000000000000000e+00
-0.000000000000000000e+00
-0.000000000000000000e+00
0.000000000000000000e+00
0.000000000000000000e+00
0.000000000000000000e+00
0.000000000000000000e+00
-2.560978531837463379e-01
-0.000000000000000000e+00
-0.000000000000000000e+00
9.616814553737640381e-02
3.805860280990600586e-01
-5.399997234344482422e-01
-6.518130898475646973e-01
2.223151922225952148e-01
-2.958268821239471436e-01
-3.039759397506713867e-01
-7.898435592651367188e-01
2.671961784362792969e-01
2.615578770637512207e-01
-4.437167942523956299e-01
-3.907986879348754883e-01
-5.485045909881591797e-01
2.430105805397033691e-01
-1.884990781545639038e-01
