-0.000000000000000000e+00
-0.000000000000000000e+00
-5.031379461288452148e-01
0.000000000000000000e+00
-0.000000000000000000e+00
0.000000000000000000e+00
-1.994198560714721680e-01
2.305198311805725098e-01
-0.000000000000000000e+00
3.457929790019989014e-01
0.000000000000000000e+00
0.000000000000000000e+00
0.000000000000000000e+00
-0.000000000000000000e+00
-3.222219944000244141e-01
0.000000000000000000e+00
-0.000000000000000000e+00
-0.000000000000000000e+00
-7.077433466911315918e-01
0.000000000000000000e+00
-0.000000000000000000e+00
0.000000000000000000e+00
4.913985431194305420e-01
0.000000000000000000e+00
-0.000000000000000000e+00
-0.000000000000000000e+00
-0.000000000000000000e+00
-0.000000000000000000e+00
-0.000000000000000000e+00
0.000000000000000000e+00
-2.017281502485275269e-01
0.000000000000000000e+00
-0.000000000000000000e+00
0.000000000000000000e+00
2.299146354198455811e-01
-0.000000000000000000e+00
-0.000000000000000000e+00
0.000000000000000000e+00
2.266831994056701660e-01
-0.000000000000000000e+00
-0.000000000000000000e+00
-0.000000000000000000e+00
3.143009245395660400e-01
0.000000000000000000e+00
-0.000000000000000000e+00
0.000000000000000000e+00
-0.000000000000000000e+00
0.000000000000000000e+00
-0.000000000000000000e+00
-0.000000000000000000e+00
0.000000000000000000e+00
0.000000000000000000e+00
-0.000000000000000000e+00
-0.000000000000000000e+00
-0.000000000000000000e+00
0.000000000000000000e+00
-0.000000000000000000e+00
-0.000000000000000000e+00
0.000000000000000000e+00
0.000000000000000000e+00
-0.000000000000000000e+00
0.000000000000000000e+00
-0.000000000000000000e+00
-0.000000000000000000e+00
0.000000000000000000e+00
0.000000000000000000e+00
0.000000000000000000e+00
0.000000000000000000e+00
-0.000000000000000000e+00
-0.000000000000000000e+00
-0.000000000000000000e+00
-0.000000000000000000e+00
-0.000000000000000000e+00
-0.000000000000000000e+00
0.000000000000000000e+00
-0.000000000000000000e+00
0.000000000000000000e+00
-0.000000000000000000e+00
-6.441234946250915527e-01
0.000000000000000000e+00
-0.000000000000000000e+00
-2.255355268716812134e-01
-0.000000000000000000e+00
-2.737977504730224609e-01
0.000000000000000000e+00
0.000000000000000000e+00
-3.058150708675384521e-01
-5.386887788772583008e-01
5.519837141036987305e-01
0.000000000000000000e+00
-0.000000000000000000e+00
-0.000000000000000000e+00
0.000000000000000000e+00
0.000000000000000000e+00
0.000000000000000000e+00
0.000000000000000000e+00
-2.783284187316894531e-01
-0.000000000000000000e+00
-0.000000000000000000e+00
-0.000000000000000000e+00
-3.222219944000244141e-01
-6.441234946250915527e-01
-5.386887788772583008e-01
5.519837141036987305e-01
-2.737977504730224609e-01
3.457929790019989014e-01
-3.058150708675384521e-01
4.913985431194305420e-01
2.299146354198455811e-01
3.143009245395660400e-01
-5.031379461288452148e-01
-2.255355268716812134e-01
2.305198311805725098e-01
-1.994198560714721680e-01
-7.077433466911315918e-01
