-0.000000000000000000e+00
-0.000000000000000000e+00
0.000000000000000000e+00
0.000000000000000000e+00
-0.000000000000000000e+00
-0.000000000000000000e+00
0.000000000000000000e+00
0.000000000000000000e+00
-0.000000000000000000e+00
0.000000000000000000e+00
0.000000000000000000e+00
0.000000000000000000e+00
-0.000000000000000000e+00
5.618694797158241272e-02
-0.000000000000000000e+00
-0.000000000000000000e+00
0.000000000000000000e+00
-0.000000000000000000e+00
-5.896306633949279785e-01
-0.000000000000000000e+00
0.000000000000000000e+00
2.648831903934478760e-01
0.000000000000000000e+00
-0.000000000000000000e+00
0.000000000000000000e+00
0.000000000000000000e+00
0.000000000000000000e+00
-0.000000000000000000e+00
-2.055141776800155640e-01
0.000000000000000000e+00
0.000000000000000000e+00
2.330675125122070312e-01
-0.000000000000000000e+00
0.000000000000000000e+00
-0.000000000000000000e+00
2.547563612461090088e-01
0.000000000000000000e+00
0.000000000000000000e+00
-0.000000000000000000e+00
-1.929737627506256104e-01
-0.000000000000000000e+00
-7.105162739753723145e-01
0.000000000000000000e+00
-0.000000000000000000e+00
0.000000000000000000e+00
0.000000000000000000e+00
0.000000000000000000e+00
0.000000000000000000e+00
-2.702457904815673828e-01
0.000000000000000000e+00
2.343876808881759644e-01
0.000000000000000000e+00
0.000000000000000000e+00
-0.000000000000000000e+00
-0.000000000000000000e+00
0.000000000000000000e+00
2.568955421447753906e-01
9.942203015089035034e-02
0.000000000000000000e+00
-0.000000000000000000e+00
2.231630831956863403e-01
0.000000000000000000e+00
0.000000000000000000e+00
0.000000000000000000e+00
0.000000000000000000e+00
-0.000000000000000000e+00
-0.000000000000000000e+00
-0.000000000000000000e+00
-0.000000000000000000e+00
6.208665370941162109e-01
0.000000000000000000e+00
-0.000000000000000000e+00
0.000000000000000000e+00
-0.000000000000000000e+00
4.444982409477233887e-01
0.000000000000000000e+00
0.000000000000000000e+00
0.000000000000000000e+00
-0.000000000000000000e+00
0.000000000000000000e+00
0.000000000000000000e+00
7.435379028320312500e-01
-0.000000000000000000e+00
-0.000000000000000000e+00
0.000000000000000000e+00
-4.678415060043334961e-01
-0.000000000000000000e+00
-0.000000000000000000e+00
0.000000000000000000e+00
0.000000000000000000e+00
0.000000000000000000e+00
-0.000000000000000000e+00
3.323095738887786865e-01
-2.433387041091918945e-01
0.000000000000000000e+00
-0.000000000000000000e+00
0.000000000000000000e+00
-0.000000000000000000e+00
-0.000000000000000000e+00
-1.795680820941925049e-01
-7.105162739753723145e-01
2.648831903934478760e-01
3.323095738887786865e-01
4.444982409477233887e-01
2.568955421447753906e-01
-2.702457904815673828e-01
-4.678415060043334961e-01
6.208665370941162109e-01
-5.896306633949279785e-01
-2.055141776800155640e-01
2.547563612461090088e-01
2.231630831956863403e-01
-1.929737627506256104e-01
2.343876808881759644e-01
7.435379028320312500e-01
