0.000000000000000000e+00
0.000000000000000000e+00
-0.000000000000000000e+00
-3.488823771476745605e-01
0.000000000000000000e+00
-0.000000000000000000e+00
-3.904092907905578613e-01
2.495987713336944580e-01
0.000000000000000000e+00
4.035484194755554199e-01
-0.000000000000000000e+00
1.757194548845291138e-01
-0.000000000000000000e+00
0.000000000000000000e+00
-7.595753073692321777e-01
-0.000000000000000000e+00
3.685565590858459473e-01
0.000000000000000000e+00
-1.012811362743377686e-01
0.000000000000000000e+00
0.000000000000000000e+00
6.172059178352355957e-01
0.000000000000000000e+00
-2.709603309631347656e-01
5.156902670860290527e-01
0.000000000000000000e+00
5.895381569862365723e-01
0.000000000000000000e+00
-0.000000000000000000e+00
-0.000000000000000000e+00
-1.247729659080505371e+00
-0.000000000000000000e+00
2.258840762078762054e-02
0.000000000000000000e+00
1.069739818572998047e+00
0.000000000000000000e+00
1.565471738576889038e-01
-5.012795329093933105e-01
3.446136116981506348e-01
0.000000000000000000e+00
-0.000000000000000000e+00
5.462139248847961426e-01
6.202938780188560486e-02
0.000000000000000000e+00
-8.383311033248901367e-01
-0.000000000000000000e+00
0.000000000000000000e+00
-0.000000000000000000e+00
1.679922640323638916e-01
0.000000000000000000e+00
0.000000000000000000e+00
1.001253128051757812e+00
4.516497850418090820e-01
-6.010207533836364746e-01
0.000000000000000000e+00
-4.910028576850891113e-01
4.604173600673675537e-01
2.402581870555877686e-01
-0.000000000000000000e+00
-0.000000000000000000e+00
-0.000000000000000000e+00
-0.000000000000000000e+00
1.927310824394226074e+00
0.000000000000000000e+00
0.000000000000000000e+00
-0.000000000000000000e+00
-0.000000000000000000e+00
-1.319108009338378906e-01
1.932153701782226562e-01
0.000000000000000000e+00
2.259458005428314209e-01
-0.000000000000000000e+00
0.000000000000000000e+00
0.000000000000000000e+00
-4.854110479354858398e-01
0.000000000000000000e+00
-6.265646815299987793e-01
9.766380786895751953e-01
-2.068098545074462891e+00
7.017838954925537109e-01
0.000000000000000000e+00
-5.294770002365112305e-01
0.000000000000000000e+00
-1.272849291563034058e-01
-0.000000000000000000e+00
-3.275321125984191895e-01
-4.062489271163940430e-01
-4.314184486865997314e-01
7.379518151283264160e-01
-1.975835263729095459e-01
0.000000000000000000e+00
5.230497121810913086e-01
-0.000000000000000000e+00
-0.000000000000000000e+00
-4.940697550773620605e-01
-0.000000000000000000e+00
-6.156174540519714355e-01
0.000000000000000000e+00
0.000000000000000000e+00
0.000000000000000000e+00
-4.062489271163940430e-01
9.766380786895751953e-01
1.927310824394226074e+00
6.202938780188560486e-02
-8.383311033248901367e-01
