-0.000000000000000000e+00
-0.000000000000000000e+00
0.000000000000000000e+00
0.000000000000000000e+00
1.461887061595916748e-01
0.000000000000000000e+00
-1.945354044437408447e-01
-0.000000000000000000e+00
-0.000000000000000000e+00
-0.000000000000000000e+00
0.000000000000000000e+00
0.000000000000000000e+00
0.000000000000000000e+00
-0.000000000000000000e+00
-3.697121739387512207e-01
0.000000000000000000e+00
-0.000000000000000000e+00
-0.000000000000000000e+00
0.000000000000000000e+00
0.000000000000000000e+00
-0.000000000000000000e+00
0.000000000000000000e+00
-0.000000000000000000e+00
0.000000000000000000e+00
-0.000000000000000000e+00
-0.000000000000000000e+00
-0.000000000000000000e+00
-0.000000000000000000e+00
-0.000000000000000000e+00
0.000000000000000000e+00
-1.997100412845611572e-01
-0.000000000000000000e+00
-0.000000000000000000e+00
0.000000000000000000e+00
5.221435427665710449e-01
-0.000000000000000000e+00
-0.000000000000000000e+00
0.000000000000000000e+00
2.370098531246185303e-01
-0.000000000000000000e+00
-0.000000000000000000e+00
-0.000000000000000000e+00
2.882066369056701660e-01
-0.000000000000000000e+00
-0.000000000000000000e+00
0.000000000000000000e+00
-0.000000000000000000e+00
0.000000000000000000e+00
-0.000000000000000000e+00
-0.000000000000000000e+00
0.000000000000000000e+00
2.857035100460052490e-01
-0.000000000000000000e+00
-0.000000000000000000e+00
0.000000000000000000e+00
-0.000000000000000000e+00
-0.000000000000000000e+00
-0.000000000000000000e+00
0.000000000000000000e+00
0.000000000000000000e+00
0.000000000000000000e+00
0.000000000000000000e+00
0.000000000000000000e+00
-0.000000000000000000e+00
0.000000000000000000e+00
-0.000000000000000000e+00
0.000000000000000000e+00
0.000000000000000000e+00
-0.000000000000000000e+00
-0.000000000000000000e+00
-0.000000000000000000e+00
0.000000000000000000e+00
-0.000000000000000000e+00
-0.000000000000000000e+00
-4.722253382205963135e-01
-0.000000000000000000e+00
0.000000000000000000e+00
-0.000000000000000000e+00
-5.872129797935485840e-01
-0.000000000000000000e+00
-0.000000000000000000e+00
-3.083682358264923096e-01
-0.000000000000000000e+00
-4.738256931304931641e-01
0.000000000000000000e+00
0.000000000000000000e+00
-3.251764774322509766e-01
-6.189156770706176758e-01
6.598911881446838379e-01
-2.466496825218200684e-01
0.000000000000000000e+00
-0.000000000000000000e+00
0.000000000000000000e+00
0.000000000000000000e+00
-2.110151052474975586e-01
0.000000000000000000e+00
-2.790473103523254395e-01
-0.000000000000000000e+00
-0.000000000000000000e+00
-0.000000000000000000e+00
-2.466496825218200684e-01
-2.790473103523254395e-01
6.598911881446838379e-01
-4.722253382205963135e-01
-4.738256931304931641e-01
-3.251764774322509766e-01
5.221435427665710449e-01
2.882066369056701660e-01
-6.189156770706176758e-01
-3.697121739387512207e-01
-2.110151052474975586e-01
-5.872129797935485840e-01
-3.083682358264923096e-01
-1.945354044437408447e-01
2.857035100460052490e-01
