-0.000000000000000000e+00
1.040946602821350098e+00
0.000000000000000000e+00
-7.767025828361511230e-01
-0.000000000000000000e+00
2.033236622810363770e-01
-1.047551870346069336e+00
1.683944761753082275e-01
-0.000000000000000000e+00
4.217025935649871826e-01
2.040095925331115723e-01
1.641871929168701172e-01
-4.266856610774993896e-01
3.111662529408931732e-02
-0.000000000000000000e+00
-4.216169118881225586e-01
0.000000000000000000e+00
-0.000000000000000000e+00
-0.000000000000000000e+00
7.298873662948608398e-01
0.000000000000000000e+00
2.627426981925964355e-01
5.005913376808166504e-01
-1.507924795150756836e-01
8.188506215810775757e-02
0.000000000000000000e+00
4.907796904444694519e-02
-0.000000000000000000e+00
-3.130097687244415283e-01
0.000000000000000000e+00
0.000000000000000000e+00
7.964964509010314941e-01
-0.000000000000000000e+00
0.000000000000000000e+00
-0.000000000000000000e+00
0.000000000000000000e+00
-0.000000000000000000e+00
0.000000000000000000e+00
-0.000000000000000000e+00
-2.695343196392059326e-01
-5.605700612068176270e-01
-6.318416595458984375e-01
0.000000000000000000e+00
-4.942176640033721924e-01
0.000000000000000000e+00
0.000000000000000000e+00
2.791900038719177246e-01
5.923475697636604309e-02
-6.916541606187820435e-02
0.000000000000000000e+00
7.552024722099304199e-01
-7.280941605567932129e-01
0.000000000000000000e+00
6.668893694877624512e-01
-0.000000000000000000e+00
0.000000000000000000e+00
1.747308671474456787e-01
7.102584242820739746e-01
0.000000000000000000e+00
-0.000000000000000000e+00
4.816581606864929199e-01
0.000000000000000000e+00
-4.983160495758056641e-01
0.000000000000000000e+00
0.000000000000000000e+00
1.378914713859558105e+00
-0.000000000000000000e+00
-0.000000000000000000e+00
-0.000000000000000000e+00
1.655006885528564453e+00
3.812385201454162598e-01
3.342002034187316895e-01
0.000000000000000000e+00
-4.970311522483825684e-01
5.666478276252746582e-01
4.648571908473968506e-01
-5.371908545494079590e-01
0.000000000000000000e+00
-0.000000000000000000e+00
0.000000000000000000e+00
0.000000000000000000e+00
9.869776964187622070e-01
-0.000000000000000000e+00
-0.000000000000000000e+00
0.000000000000000000e+00
-0.000000000000000000e+00
-4.882392883300781250e-01
-4.403403401374816895e-01
0.000000000000000000e+00
3.357210159301757812e-01
0.000000000000000000e+00
0.000000000000000000e+00
4.949488341808319092e-01
-5.268773436546325684e-01
-0.000000000000000000e+00
-7.979755103588104248e-02
0.000000000000000000e+00
-3.104418218135833740e-01
-1.663144677877426147e-01
-8.382058143615722656e-01
4.217025935649871826e-01
9.869776964187622070e-01
1.040946602821350098e+00
-4.216169118881225586e-01
-6.916541606187820435e-02
1.378914713859558105e+00
