0.000000000000000000e+00
2.183846384286880493e-01
-5.411680936813354492e-01
-1.186182260513305664e+00
5.118451118469238281e-01
0.000000000000000000e+00
-3.026727139949798584e-01
-3.377190604805946350e-02
4.082227870821952820e-02
2.378647327423095703e-01
-3.684854805469512939e-01
4.231625795364379883e-01
-2.708736956119537354e-01
0.000000000000000000e+00
0.000000000000000000e+00
0.000000000000000000e+00
-0.000000000000000000e+00
4.731018245220184326e-01
4.436205923557281494e-01
4.958117902278900146e-01
3.354862332344055176e-01
0.000000000000000000e+00
-0.000000000000000000e+00
0.000000000000000000e+00
2.225166082382202148e+00
-1.111317351460456848e-01
-2.430409342050552368e-01
0.000000000000000000e+00
1.525923423469066620e-02
2.673838473856449127e-02
2.346427440643310547e+00
-1.189785957336425781e+00
0.000000000000000000e+00
-0.000000000000000000e+00
-0.000000000000000000e+00
-1.827892661094665527e-01
-0.000000000000000000e+00
4.844228625297546387e-01
-4.514146149158477783e-01
3.046069741249084473e-01
-0.000000000000000000e+00
6.574202179908752441e-01
3.912353813648223877e-01
1.093256831169128418e+00
-0.000000000000000000e+00
4.062834680080413818e-01
-0.000000000000000000e+00
0.000000000000000000e+00
-5.212298780679702759e-02
-1.520492136478424072e-01
0.000000000000000000e+00
-5.602346062660217285e-01
0.000000000000000000e+00
-0.000000000000000000e+00
-0.000000000000000000e+00
7.574454545974731445e-01
3.961489200592041016e-01
2.274249680340290070e-02
-2.596973776817321777e-01
-4.532747864723205566e-01
6.018498912453651428e-03
-0.000000000000000000e+00
9.531756639480590820e-01
-6.365013718605041504e-01
0.000000000000000000e+00
0.000000000000000000e+00
0.000000000000000000e+00
4.645296037197113037e-01
-8.219975233078002930e-01
-0.000000000000000000e+00
-0.000000000000000000e+00
-4.967679679393768311e-01
-0.000000000000000000e+00
0.000000000000000000e+00
3.850857317447662354e-01
-0.000000000000000000e+00
3.989453315734863281e-01
1.505220979452133179e-01
0.000000000000000000e+00
0.000000000000000000e+00
1.866675019264221191e-01
-4.457867145538330078e-01
0.000000000000000000e+00
3.304026424884796143e-01
-0.000000000000000000e+00
0.000000000000000000e+00
0.000000000000000000e+00
-9.107515215873718262e-01
-0.000000000000000000e+00
-0.000000000000000000e+00
0.000000000000000000e+00
3.050096631050109863e-01
0.000000000000000000e+00
-7.044839859008789062e-02
-0.000000000000000000e+00
2.003348469734191895e-01
0.000000000000000000e+00
-5.079134926199913025e-02
-1.024634599685668945e+00
-4.159823358058929443e-01
3.046069741249084473e-01
-1.186182260513305664e+00
-7.044839859008789062e-02
2.225166082382202148e+00
