-0.000000000000000000e+00
-0.000000000000000000e+00
0.000000000000000000e+00
-2.923676073551177979e-01
-0.000000000000000000e+00
0.000000000000000000e+00
-1.919423043727874756e-01
2.196300029754638672e-01
-0.000000000000000000e+00
-0.000000000000000000e+00
0.000000000000000000e+00
0.000000000000000000e+00
0.000000000000000000e+00
-0.000000000000000000e+00
-3.871602714061737061e-01
0.000000000000000000e+00
1.609467267990112305e-01
-0.000000000000000000e+00
-4.221506714820861816e-01
-2.852126657962799072e-01
-0.000000000000000000e+00
-0.000000000000000000e+00
-0.000000000000000000e+00
0.000000000000000000e+00
2.862023711204528809e-01
-0.000000000000000000e+00
0.000000000000000000e+00
7.108112424612045288e-02
-0.000000000000000000e+00
0.000000000000000000e+00
-2.002558559179306030e-01
-0.000000000000000000e+00
-0.000000000000000000e+00
0.000000000000000000e+00
2.490364164113998413e-01
-0.000000000000000000e+00
-0.000000000000000000e+00
0.000000000000000000e+00
2.358223795890808105e-01
-0.000000000000000000e+00
-0.000000000000000000e+00
7.794822752475738525e-02
2.637116312980651855e-01
0.000000000000000000e+00
-0.000000000000000000e+00
0.000000000000000000e+00
-0.000000000000000000e+00
0.000000000000000000e+00
-0.000000000000000000e+00
-0.000000000000000000e+00
-0.000000000000000000e+00
2.934533357620239258e-01
0.000000000000000000e+00
-0.000000000000000000e+00
-0.000000000000000000e+00
0.000000000000000000e+00
-0.000000000000000000e+00
-0.000000000000000000e+00
0.000000000000000000e+00
0.000000000000000000e+00
-0.000000000000000000e+00
0.000000000000000000e+00
-0.000000000000000000e+00
-0.000000000000000000e+00
0.000000000000000000e+00
0.000000000000000000e+00
0.000000000000000000e+00
0.000000000000000000e+00
-0.000000000000000000e+00
-0.000000000000000000e+00
-0.000000000000000000e+00
0.000000000000000000e+00
-0.000000000000000000e+00
-0.000000000000000000e+00
-4.649526774883270264e-01
-0.000000000000000000e+00
0.000000000000000000e+00
-0.000000000000000000e+00
-6.051641702651977539e-01
-0.000000000000000000e+00
-0.000000000000000000e+00
-3.541674613952636719e-01
-0.000000000000000000e+00
0.000000000000000000e+00
0.000000000000000000e+00
0.000000000000000000e+00
0.000000000000000000e+00
-4.723114371299743652e-01
9.255725741386413574e-01
0.000000000000000000e+00
-0.000000000000000000e+00
-0.000000000000000000e+00
0.000000000000000000e+00
0.000000000000000000e+00
-0.000000000000000000e+00
0.000000000000000000e+00
0.000000000000000000e+00
0.000000000000000000e+00
-0.000000000000000000e+00
-0.000000000000000000e+00
2.196300029754638672e-01
-3.541674613952636719e-01
-6.051641702651977539e-01
-2.923676073551177979e-01
1.609467267990112305e-01
2.637116312980651855e-01
9.255725741386413574e-01
-2.852126657962799072e-01
-4.221506714820861816e-01
2.934533357620239258e-01
2.862023711204528809e-01
-4.723114371299743652e-01
2.490364164113998413e-01
-3.871602714061737061e-01
-4.649526774883270264e-01
-1.919423043727874756e-01
