0.000000000000000000e+00
-0.000000000000000000e+00
-2.499891817569732666e-01
-7.416383028030395508e-01
0.000000000000000000e+00
-2.927372753620147705e-01
0.000000000000000000e+00
-2.113723754882812500e-01
-0.000000000000000000e+00
-0.000000000000000000e+00
-1.568337976932525635e-01
2.750880718231201172e-01
-2.921382784843444824e-01
0.000000000000000000e+00
0.000000000000000000e+00
4.259341955184936523e-01
-9.296985268592834473e-01
-4.640007019042968750e-01
-0.000000000000000000e+00
4.533955752849578857e-01
5.587335228919982910e-01
-9.335207343101501465e-01
-0.000000000000000000e+00
0.000000000000000000e+00
1.363032102584838867e+00
0.000000000000000000e+00
-4.054517745971679688e-01
0.000000000000000000e+00
-0.000000000000000000e+00
-0.000000000000000000e+00
2.111633539199829102e+00
-0.000000000000000000e+00
0.000000000000000000e+00
-0.000000000000000000e+00
8.817298412322998047e-01
-2.808395326137542725e-01
-0.000000000000000000e+00
-0.000000000000000000e+00
-5.931781530380249023e-01
-0.000000000000000000e+00
-0.000000000000000000e+00
6.327202916145324707e-01
-0.000000000000000000e+00
8.549610972404479980e-01
-0.000000000000000000e+00
1.864950954914093018e-01
5.099615454673767090e-01
-0.000000000000000000e+00
-2.139483690261840820e-01
0.000000000000000000e+00
0.000000000000000000e+00
-6.415848731994628906e-01
-4.580473005771636963e-01
-0.000000000000000000e+00
-0.000000000000000000e+00
1.401065383106470108e-02
3.939551115036010742e-01
-0.000000000000000000e+00
-1.941005699336528778e-02
-4.042526781558990479e-01
4.542755708098411560e-02
-4.440485537052154541e-01
9.225189685821533203e-01
-5.655852556228637695e-01
0.000000000000000000e+00
0.000000000000000000e+00
-2.435263842344284058e-01
4.279673397541046143e-01
-8.688042163848876953e-01
2.248925268650054932e-01
1.042153835296630859e-01
-7.983582019805908203e-01
-0.000000000000000000e+00
0.000000000000000000e+00
2.283409833908081055e-01
0.000000000000000000e+00
5.149827003479003906e-01
1.237025633454322815e-01
0.000000000000000000e+00
0.000000000000000000e+00
-0.000000000000000000e+00
-5.513652563095092773e-01
0.000000000000000000e+00
2.201289087533950806e-01
-0.000000000000000000e+00
0.000000000000000000e+00
0.000000000000000000e+00
-7.188183665275573730e-01
-0.000000000000000000e+00
-0.000000000000000000e+00
-0.000000000000000000e+00
9.681857824325561523e-01
-2.712812423706054688e-01
-5.984240397810935974e-02
-0.000000000000000000e+00
9.174424409866333008e-02
0.000000000000000000e+00
0.000000000000000000e+00
-4.083204865455627441e-01
-3.903071284294128418e-01
8.817298412322998047e-01
-2.499891817569732666e-01
-4.580473005771636963e-01
-7.416383028030395508e-01
-5.984240397810935974e-02
1.363032102584838867e+00
