-0.000000000000000000e+00
-0.000000000000000000e+00
-0.000000000000000000e+00
2.066360861063003540e-01
-0.000000000000000000e+00
1.791499406099319458e-01
0.000000000000000000e+00
-0.000000000000000000e+00
-0.000000000000000000e+00
-0.000000000000000000e+00
0.000000000000000000e+00
0.000000000000000000e+00
-0.000000000000000000e+00
-0.000000000000000000e+00
-0.000000000000000000e+00
-0.000000000000000000e+00
2.319702506065368652e-01
0.000000000000000000e+00
1.743983030319213867e-01
-2.518115341663360596e-01
0.000000000000000000e+00
-0.000000000000000000e+00
0.000000000000000000e+00
0.000000000000000000e+00
0.000000000000000000e+00
-5.284447669982910156e-01
-0.000000000000000000e+00
0.000000000000000000e+00
0.000000000000000000e+00
-0.000000000000000000e+00
-0.000000000000000000e+00
6.394104957580566406e-01
-0.000000000000000000e+00
0.000000000000000000e+00
-0.000000000000000000e+00
0.000000000000000000e+00
-6.083305478096008301e-01
0.000000000000000000e+00
-0.000000000000000000e+00
0.000000000000000000e+00
-0.000000000000000000e+00
-0.000000000000000000e+00
0.000000000000000000e+00
0.000000000000000000e+00
-0.000000000000000000e+00
0.000000000000000000e+00
0.000000000000000000e+00
0.000000000000000000e+00
7.392293810844421387e-01
2.411769479513168335e-01
-0.000000000000000000e+00
-0.000000000000000000e+00
-0.000000000000000000e+00
0.000000000000000000e+00
-0.000000000000000000e+00
9.894548356533050537e-02
-0.000000000000000000e+00
0.000000000000000000e+00
0.000000000000000000e+00
-0.000000000000000000e+00
-4.578228890895843506e-01
3.143483996391296387e-01
-0.000000000000000000e+00
-0.000000000000000000e+00
0.000000000000000000e+00
0.000000000000000000e+00
-0.000000000000000000e+00
2.880712747573852539e-01
0.000000000000000000e+00
0.000000000000000000e+00
0.000000000000000000e+00
0.000000000000000000e+00
-0.000000000000000000e+00
-0.000000000000000000e+00
-0.000000000000000000e+00
-0.000000000000000000e+00
-0.000000000000000000e+00
0.000000000000000000e+00
2.593527734279632568e-01
-0.000000000000000000e+00
0.000000000000000000e+00
0.000000000000000000e+00
0.000000000000000000e+00
0.000000000000000000e+00
-0.000000000000000000e+00
2.927046418190002441e-01
-0.000000000000000000e+00
0.000000000000000000e+00
0.000000000000000000e+00
-3.734850287437438965e-01
-0.000000000000000000e+00
-9.418768435716629028e-02
0.000000000000000000e+00
-0.000000000000000000e+00
-0.000000000000000000e+00
-0.000000000000000000e+00
-0.000000000000000000e+00
-0.000000000000000000e+00
2.388904541730880737e-01
-0.000000000000000000e+00
7.392293810844421387e-01
2.927046418190002441e-01
-5.284447669982910156e-01
-4.578228890895843506e-01
3.143483996391296387e-01
6.394104957580566406e-01
2.593527734279632568e-01
-2.518115341663360596e-01
2.066360861063003540e-01
2.880712747573852539e-01
2.411769479513168335e-01
-6.083305478096008301e-01
2.319702506065368652e-01
1.743983030319213867e-01
-3.734850287437438965e-01
