-0.000000000000000000e+00
0.000000000000000000e+00
5.476328730583190918e-01
4.143469631671905518e-01
-0.000000000000000000e+00
2.840569913387298584e-01
-7.383570075035095215e-01
0.000000000000000000e+00
-0.000000000000000000e+00
-2.058807164430618286e-01
0.000000000000000000e+00
-4.006934165954589844e-01
-8.671411871910095215e-01
0.000000000000000000e+00
0.000000000000000000e+00
0.000000000000000000e+00
-2.200123816728591919e-01
-4.695046246051788330e-01
-1.035549402236938477e+00
3.133267164230346680e-01
0.000000000000000000e+00
3.575722873210906982e-01
-2.651876211166381836e-01
0.000000000000000000e+00
4.007976055145263672e-01
0.000000000000000000e+00
2.230723053216934204e-01
-4.179457724094390869e-01
0.000000000000000000e+00
2.818496152758598328e-02
-8.843492865562438965e-01
3.108377158641815186e-01
-1.878587901592254639e-01
-0.000000000000000000e+00
-2.945322692394256592e-01
0.000000000000000000e+00
0.000000000000000000e+00
-0.000000000000000000e+00
-8.481240272521972656e-01
-0.000000000000000000e+00
-0.000000000000000000e+00
-0.000000000000000000e+00
4.300554394721984863e-01
0.000000000000000000e+00
-0.000000000000000000e+00
-0.000000000000000000e+00
4.101137220859527588e-01
-0.000000000000000000e+00
8.433945178985595703e-01
-9.000616073608398438e-01
-0.000000000000000000e+00
0.000000000000000000e+00
-9.246058762073516846e-02
8.224084973335266113e-01
-1.775734424591064453e-01
5.520697236061096191e-01
2.581706345081329346e-01
-4.882327318191528320e-01
-0.000000000000000000e+00
-0.000000000000000000e+00
5.630870461463928223e-01
-4.443920850753784180e-01
2.777652740478515625e-01
-1.044037099927663803e-02
0.000000000000000000e+00
1.598069220781326294e-01
0.000000000000000000e+00
0.000000000000000000e+00
8.146848529577255249e-02
0.000000000000000000e+00
-0.000000000000000000e+00
-1.695110350847244263e-01
3.555343151092529297e-01
-0.000000000000000000e+00
-3.355730473995208740e-01
-0.000000000000000000e+00
1.276562333106994629e+00
-2.477491378784179688e+00
-0.000000000000000000e+00
0.000000000000000000e+00
-0.000000000000000000e+00
-3.080147206783294678e-01
5.538252592086791992e-01
8.213898539543151855e-01
0.000000000000000000e+00
-0.000000000000000000e+00
4.857419729232788086e-01
0.000000000000000000e+00
-0.000000000000000000e+00
-4.804539084434509277e-01
-0.000000000000000000e+00
2.576579153537750244e-01
0.000000000000000000e+00
7.339597493410110474e-02
-1.025708857923746109e-02
-0.000000000000000000e+00
-0.000000000000000000e+00
0.000000000000000000e+00
0.000000000000000000e+00
8.257877230644226074e-01
1.276562333106994629e+00
-4.695046246051788330e-01
-1.035549402236938477e+00
-9.246058762073516846e-02
-0.000000000000000000e+00
-8.843492865562438965e-01
