-9.846522212028503418e-01
-0.000000000000000000e+00
-0.000000000000000000e+00
7.325807213783264160e-01
-0.000000000000000000e+00
5.888291597366333008e-01
0.000000000000000000e+00
-6.523002982139587402e-01
-0.000000000000000000e+00
-0.000000000000000000e+00
2.904049754142761230e-01
4.785716906189918518e-02
-3.465853929519653320e-01
-0.000000000000000000e+00
-0.000000000000000000e+00
-0.000000000000000000e+00
4.283849000930786133e-01
0.000000000000000000e+00
2.410852760076522827e-01
-4.429686963558197021e-01
3.902944326400756836e-01
2.333279550075531006e-01
0.000000000000000000e+00
0.000000000000000000e+00
0.000000000000000000e+00
-1.901099562644958496e+00
-0.000000000000000000e+00
-4.766371250152587891e-01
-0.000000000000000000e+00
-0.000000000000000000e+00
-0.000000000000000000e+00
5.304111838340759277e-01
-1.022379398345947266e+00
0.000000000000000000e+00
-2.825370132923126221e-01
3.840094208717346191e-01
-2.342033863067626953e+00
0.000000000000000000e+00
-2.147312760353088379e-01
-1.970284730195999146e-01
-0.000000000000000000e+00
-0.000000000000000000e+00
-0.000000000000000000e+00
6.945415735244750977e-01
3.012146949768066406e-01
0.000000000000000000e+00
2.771131396293640137e-01
0.000000000000000000e+00
6.966962814331054688e-01
0.000000000000000000e+00
-0.000000000000000000e+00
-0.000000000000000000e+00
-1.240544319152832031e-01
0.000000000000000000e+00
-0.000000000000000000e+00
1.424622833728790283e-01
-3.450245261192321777e-01
3.035449981689453125e-01
1.985692828893661499e-01
-0.000000000000000000e+00
-0.000000000000000000e+00
0.000000000000000000e+00
-0.000000000000000000e+00
7.562806010246276855e-01
0.000000000000000000e+00
4.202349483966827393e-01
-0.000000000000000000e+00
3.231284320354461670e-01
0.000000000000000000e+00
0.000000000000000000e+00
0.000000000000000000e+00
2.299893833696842194e-02
-7.419863939285278320e-01
3.739476501941680908e-01
2.568801343441009521e-01
-0.000000000000000000e+00
-0.000000000000000000e+00
0.000000000000000000e+00
1.793897747993469238e-01
-1.133904382586479187e-01
1.428108513355255127e-01
0.000000000000000000e+00
1.315591670572757721e-02
0.000000000000000000e+00
-1.426533162593841553e-01
5.444047972559928894e-02
-3.383955061435699463e-01
-6.258673071861267090e-01
1.222560331225395203e-01
-7.775851488113403320e-01
-0.000000000000000000e+00
-3.756004869937896729e-01
0.000000000000000000e+00
-0.000000000000000000e+00
-1.589798629283905029e-01
8.685929179191589355e-01
-0.000000000000000000e+00
-0.000000000000000000e+00
3.495354354381561279e-01
-6.824860572814941406e-01
3.035449981689453125e-01
-6.258673071861267090e-01
5.444047972559928894e-02
-2.342033863067626953e+00
