-0.000000000000000000e+00
8.592987656593322754e-01
-0.000000000000000000e+00
-2.424478232860565186e-01
0.000000000000000000e+00
1.462671875953674316e+00
-0.000000000000000000e+00
3.453463017940521240e-01
0.000000000000000000e+00
1.287329673767089844e+00
-0.000000000000000000e+00
4.963372275233268738e-02
0.000000000000000000e+00
-0.000000000000000000e+00
-0.000000000000000000e+00
0.000000000000000000e+00
-0.000000000000000000e+00
-1.917106658220291138e-01
0.000000000000000000e+00
0.000000000000000000e+00
2.806235551834106445e-01
2.811887264251708984e-01
3.320785462856292725e-01
0.000000000000000000e+00
-0.000000000000000000e+00
-0.000000000000000000e+00
4.718746840953826904e-01
0.000000000000000000e+00
-3.634884655475616455e-01
-0.000000000000000000e+00
-0.000000000000000000e+00
5.792295336723327637e-01
0.000000000000000000e+00
-0.000000000000000000e+00
0.000000000000000000e+00
7.784409821033477783e-02
-0.000000000000000000e+00
-0.000000000000000000e+00
-4.274870753288269043e-01
-4.456947743892669678e-01
-5.848042368888854980e-01
-8.333000540733337402e-01
-0.000000000000000000e+00
-6.136677861213684082e-01
-0.000000000000000000e+00
-0.000000000000000000e+00
-0.000000000000000000e+00
-0.000000000000000000e+00
-5.951793491840362549e-02
4.321007132530212402e-01
-0.000000000000000000e+00
-8.753483891487121582e-01
-0.000000000000000000e+00
9.987236261367797852e-01
-1.988163441419601440e-01
-0.000000000000000000e+00
4.049742817878723145e-01
6.840791106224060059e-01
5.789359211921691895e-01
-0.000000000000000000e+00
5.721756815910339355e-01
-0.000000000000000000e+00
-4.159289002418518066e-01
-0.000000000000000000e+00
-0.000000000000000000e+00
4.596441686153411865e-01
0.000000000000000000e+00
0.000000000000000000e+00
-4.988465011119842529e-01
2.078538894653320312e+00
0.000000000000000000e+00
1.902208849787712097e-02
-0.000000000000000000e+00
-4.453058242797851562e-01
9.372567534446716309e-01
-0.000000000000000000e+00
-4.558275640010833740e-01
-0.000000000000000000e+00
0.000000000000000000e+00
-0.000000000000000000e+00
-0.000000000000000000e+00
-0.000000000000000000e+00
0.000000000000000000e+00
0.000000000000000000e+00
-0.000000000000000000e+00
0.000000000000000000e+00
-4.203698933124542236e-01
-1.518746614456176758e+00
-0.000000000000000000e+00
-0.000000000000000000e+00
5.429875254631042480e-01
0.000000000000000000e+00
-0.000000000000000000e+00
-1.762784719467163086e-01
0.000000000000000000e+00
0.000000000000000000e+00
8.405568003654479980e-01
0.000000000000000000e+00
-1.857170015573501587e-01
-7.304491996765136719e-01
1.287329673767089844e+00
1.462671875953674316e+00
3.453463017940521240e-01
2.806235551834106445e-01
-5.951793491840362549e-02
8.592987656593322754e-01
