0.000000000000000000e+00
-0.000000000000000000e+00
-6.978574395179748535e-01
-5.953743457794189453e-01
0.000000000000000000e+00
-2.855353951454162598e-01
-1.574177592992782593e-01
-2.378933876752853394e-02
-0.000000000000000000e+00
3.074806630611419678e-01
-2.799769937992095947e-01
3.660247325897216797e-01
-7.104321718215942383e-01
0.000000000000000000e+00
0.000000000000000000e+00
0.000000000000000000e+00
-8.856076002120971680e-01
3.785774409770965576e-01
6.419679522514343262e-01
4.665058553218841553e-01
4.925560057163238525e-01
-3.894684016704559326e-01
-0.000000000000000000e+00
0.000000000000000000e+00
1.077617406845092773e+00
0.000000000000000000e+00
-1.953846365213394165e-01
0.000000000000000000e+00
-0.000000000000000000e+00
-0.000000000000000000e+00
1.781723141670227051e+00
-6.642763018608093262e-01
0.000000000000000000e+00
-0.000000000000000000e+00
0.000000000000000000e+00
-2.720266282558441162e-01
-0.000000000000000000e+00
-0.000000000000000000e+00
-5.630046129226684570e-01
-0.000000000000000000e+00
-0.000000000000000000e+00
6.877381801605224609e-01
2.691530436277389526e-02
7.408621907234191895e-01
-0.000000000000000000e+00
2.456312328577041626e-01
-0.000000000000000000e+00
0.000000000000000000e+00
-1.316289752721786499e-01
0.000000000000000000e+00
0.000000000000000000e+00
0.000000000000000000e+00
0.000000000000000000e+00
-0.000000000000000000e+00
-0.000000000000000000e+00
8.153616189956665039e-01
3.464278578758239746e-01
4.125550389289855957e-01
-2.327887713909149170e-01
-4.069829285144805908e-01
-0.000000000000000000e+00
0.000000000000000000e+00
9.322203397750854492e-01
-5.189397335052490234e-01
0.000000000000000000e+00
0.000000000000000000e+00
0.000000000000000000e+00
5.634658932685852051e-01
-8.887524008750915527e-01
1.800154447555541992e-01
-0.000000000000000000e+00
-8.394221663475036621e-01
7.222776412963867188e-01
-5.165663361549377441e-01
1.883640140295028687e-01
-0.000000000000000000e+00
-0.000000000000000000e+00
4.237337708473205566e-01
-1.767452657222747803e-01
0.000000000000000000e+00
-0.000000000000000000e+00
-4.629928469657897949e-01
0.000000000000000000e+00
-0.000000000000000000e+00
-0.000000000000000000e+00
0.000000000000000000e+00
0.000000000000000000e+00
-1.301372647285461426e+00
2.785952985286712646e-01
3.036555051803588867e-01
-0.000000000000000000e+00
2.509830296039581299e-01
0.000000000000000000e+00
-7.184591889381408691e-02
-0.000000000000000000e+00
1.347472332417964935e-02
0.000000000000000000e+00
0.000000000000000000e+00
-1.776985675096511841e-01
-6.424953341484069824e-01
-5.165663361549377441e-01
-7.184591889381408691e-02
-6.642763018608093262e-01
-5.953743457794189453e-01
7.222776412963867188e-01
1.077617406845092773e+00
