0.000000000000000000e+00
1.459934115409851074e+00
3.093080818653106689e-01
-2.669573724269866943e-01
0.000000000000000000e+00
-0.000000000000000000e+00
-1.140731334686279297e+00
-0.000000000000000000e+00
-0.000000000000000000e+00
6.283458471298217773e-01
-0.000000000000000000e+00
-0.000000000000000000e+00
0.000000000000000000e+00
5.057824254035949707e-01
0.000000000000000000e+00
0.000000000000000000e+00
-0.000000000000000000e+00
0.000000000000000000e+00
-3.414940834045410156e-01
0.000000000000000000e+00
-0.000000000000000000e+00
3.958341479301452637e-01
1.983633190393447876e-01
0.000000000000000000e+00
5.693096294999122620e-02
-0.000000000000000000e+00
9.059392213821411133e-01
0.000000000000000000e+00
-4.001861810684204102e-01
-0.000000000000000000e+00
0.000000000000000000e+00
4.330855235457420349e-02
-1.330888867378234863e-01
-0.000000000000000000e+00
0.000000000000000000e+00
2.140906602144241333e-01
-0.000000000000000000e+00
-0.000000000000000000e+00
0.000000000000000000e+00
-7.387752532958984375e-01
-2.641341984272003174e-01
-7.230033278465270996e-01
-0.000000000000000000e+00
0.000000000000000000e+00
0.000000000000000000e+00
3.240467309951782227e-01
-0.000000000000000000e+00
-0.000000000000000000e+00
-6.532847136259078979e-02
4.527309536933898926e-01
7.642882466316223145e-01
-0.000000000000000000e+00
-0.000000000000000000e+00
9.711123108863830566e-01
0.000000000000000000e+00
-0.000000000000000000e+00
1.143107339739799500e-01
6.687099933624267578e-01
-0.000000000000000000e+00
-0.000000000000000000e+00
5.555908083915710449e-01
-0.000000000000000000e+00
-4.098103344440460205e-01
-0.000000000000000000e+00
-0.000000000000000000e+00
4.648988246917724609e-01
0.000000000000000000e+00
-6.241700053215026855e-01
0.000000000000000000e+00
2.063338756561279297e+00
1.822623133659362793e+00
6.068856716156005859e-01
-0.000000000000000000e+00
-1.744825839996337891e-01
1.009228944778442383e+00
4.536485970020294189e-01
-4.789435565471649170e-01
-0.000000000000000000e+00
0.000000000000000000e+00
-0.000000000000000000e+00
-0.000000000000000000e+00
2.673501372337341309e-01
-2.632694244384765625e-01
0.000000000000000000e+00
-0.000000000000000000e+00
-1.924879550933837891e-01
-3.870118856430053711e-01
-1.036657691001892090e+00
-0.000000000000000000e+00
5.607437491416931152e-01
3.576697111129760742e-01
-4.390815794467926025e-01
6.326593160629272461e-01
-3.751925826072692871e-01
0.000000000000000000e+00
0.000000000000000000e+00
-0.000000000000000000e+00
0.000000000000000000e+00
-2.147811502218246460e-01
-5.830719470977783203e-01
1.459934115409851074e+00
1.822623133659362793e+00
2.673501372337341309e-01
6.283458471298217773e-01
-6.532847136259078979e-02
