-0.000000000000000000e+00
7.702954858541488647e-02
-5.493308305740356445e-01
-1.945521980524063110e-01
0.000000000000000000e+00
-5.514177680015563965e-01
-4.485014677047729492e-01
0.000000000000000000e+00
0.000000000000000000e+00
1.757886260747909546e-01
-0.000000000000000000e+00
1.633273810148239136e-01
-0.000000000000000000e+00
0.000000000000000000e+00
-7.525051832199096680e-01
-0.000000000000000000e+00
1.259433180093765259e-01
2.658797502517700195e-01
-1.607908725738525391e+00
-0.000000000000000000e+00
0.000000000000000000e+00
4.185978472232818604e-01
0.000000000000000000e+00
-2.180203050374984741e-01
0.000000000000000000e+00
0.000000000000000000e+00
0.000000000000000000e+00
2.823644876480102539e-01
-0.000000000000000000e+00
-0.000000000000000000e+00
-6.144188046455383301e-01
0.000000000000000000e+00
1.079278066754341125e-01
-0.000000000000000000e+00
9.941264986991882324e-01
0.000000000000000000e+00
9.293760061264038086e-01
-0.000000000000000000e+00
3.322389125823974609e-01
-0.000000000000000000e+00
-0.000000000000000000e+00
4.808529913425445557e-01
6.424163281917572021e-02
-0.000000000000000000e+00
0.000000000000000000e+00
-0.000000000000000000e+00
0.000000000000000000e+00
-1.993633806705474854e-01
4.127913713455200195e-01
0.000000000000000000e+00
-5.908144712448120117e-01
8.503986001014709473e-01
3.085848987102508545e-01
-9.770662188529968262e-01
0.000000000000000000e+00
-9.855713844299316406e-01
4.041383564472198486e-01
2.691791653633117676e-01
-0.000000000000000000e+00
-0.000000000000000000e+00
-0.000000000000000000e+00
-0.000000000000000000e+00
1.405938029289245605e+00
4.609482884407043457e-01
-0.000000000000000000e+00
-4.469635784626007080e-01
-0.000000000000000000e+00
-0.000000000000000000e+00
2.405383288860321045e-01
0.000000000000000000e+00
0.000000000000000000e+00
-0.000000000000000000e+00
1.509857326745986938e-01
0.000000000000000000e+00
-4.897050261497497559e-01
0.000000000000000000e+00
-0.000000000000000000e+00
0.000000000000000000e+00
-1.857655048370361328e+00
1.034581422805786133e+00
7.241384685039520264e-02
-5.157418847084045410e-01
0.000000000000000000e+00
-0.000000000000000000e+00
-0.000000000000000000e+00
-0.000000000000000000e+00
-2.464855015277862549e-01
-4.735895395278930664e-01
6.623647809028625488e-01
-2.968156635761260986e-01
0.000000000000000000e+00
5.545816421508789062e-01
-0.000000000000000000e+00
-0.000000000000000000e+00
-4.171668291091918945e-01
-0.000000000000000000e+00
-5.301630496978759766e-01
4.014404416084289551e-01
0.000000000000000000e+00
0.000000000000000000e+00
-5.514177680015563965e-01
-1.607908725738525391e+00
6.424163281917572021e-02
1.405938029289245605e+00
