3.479751348495483398e-01
0.000000000000000000e+00
-0.000000000000000000e+00
9.522591531276702881e-02
-0.000000000000000000e+00
2.910304367542266846e-01
-1.020715832710266113e+00
0.000000000000000000e+00
2.680969536304473877e-01
-7.572600245475769043e-01
0.000000000000000000e+00
-3.208760917186737061e-01
0.000000000000000000e+00
0.000000000000000000e+00
-0.000000000000000000e+00
-4.447911083698272705e-01
-1.293758302927017212e-01
-3.176625370979309082e-01
0.000000000000000000e+00
1.995251476764678955e-01
-0.000000000000000000e+00
2.085919380187988281e-01
-3.441871404647827148e-01
0.000000000000000000e+00
4.039871692657470703e-01
0.000000000000000000e+00
-0.000000000000000000e+00
-1.845933496952056885e-01
0.000000000000000000e+00
-0.000000000000000000e+00
0.000000000000000000e+00
2.635489404201507568e-01
-2.317655384540557861e-01
-0.000000000000000000e+00
0.000000000000000000e+00
0.000000000000000000e+00
0.000000000000000000e+00
-0.000000000000000000e+00
-8.031898736953735352e-01
-0.000000000000000000e+00
0.000000000000000000e+00
2.128316462039947510e-01
3.729693591594696045e-01
0.000000000000000000e+00
-0.000000000000000000e+00
-0.000000000000000000e+00
6.519192457199096680e-02
0.000000000000000000e+00
3.239034414291381836e-01
-8.128618597984313965e-01
-0.000000000000000000e+00
5.607466399669647217e-02
-4.833449423313140869e-01
3.672727942466735840e-01
0.000000000000000000e+00
5.166447758674621582e-01
1.911842375993728638e-01
-5.175865292549133301e-01
8.985640406608581543e-01
-0.000000000000000000e+00
4.759662151336669922e-01
-4.869409203529357910e-01
5.788446962833404541e-02
-1.296216249465942383e-01
-1.391678005456924438e-01
3.274835050106048584e-01
-2.771746516227722168e-01
-0.000000000000000000e+00
-0.000000000000000000e+00
7.312334179878234863e-01
-0.000000000000000000e+00
-6.520867943763732910e-01
7.655415683984756470e-02
1.948642730712890625e-01
-3.454213142395019531e-01
-0.000000000000000000e+00
1.645175457000732422e+00
-2.123755455017089844e+00
-0.000000000000000000e+00
0.000000000000000000e+00
0.000000000000000000e+00
-2.981749176979064941e-02
5.488268136978149414e-01
6.681093573570251465e-01
-4.040674567222595215e-01
-0.000000000000000000e+00
6.521029472351074219e-01
0.000000000000000000e+00
-6.561390757560729980e-01
-5.063159391283988953e-02
-8.504376411437988281e-01
0.000000000000000000e+00
0.000000000000000000e+00
-0.000000000000000000e+00
0.000000000000000000e+00
-0.000000000000000000e+00
-6.285361200571060181e-02
0.000000000000000000e+00
0.000000000000000000e+00
1.423897147178649902e-01
8.985640406608581543e-01
6.521029472351074219e-01
-3.176625370979309082e-01
-6.285361200571060181e-02
1.645175457000732422e+00
