-0.000000000000000000e+00
0.000000000000000000e+00
-0.000000000000000000e+00
-0.000000000000000000e+00
-0.000000000000000000e+00
5.385968685150146484e-01
-7.103806734085083008e-01
0.000000000000000000e+00
1.720907837152481079e-01
0.000000000000000000e+00
-7.732456177473068237e-02
-4.087557792663574219e-01
-1.332647353410720825e-01
1.395837366580963135e-01
0.000000000000000000e+00
0.000000000000000000e+00
-1.129829883575439453e-01
0.000000000000000000e+00
-4.668851196765899658e-01
0.000000000000000000e+00
-0.000000000000000000e+00
1.326330900192260742e-01
-1.411653608083724976e-01
0.000000000000000000e+00
3.790364861488342285e-01
0.000000000000000000e+00
0.000000000000000000e+00
-5.342199206352233887e-01
0.000000000000000000e+00
-0.000000000000000000e+00
0.000000000000000000e+00
0.000000000000000000e+00
-2.300370633602142334e-01
-0.000000000000000000e+00
-5.817907452583312988e-01
0.000000000000000000e+00
0.000000000000000000e+00
-0.000000000000000000e+00
-0.000000000000000000e+00
4.749352335929870605e-01
0.000000000000000000e+00
-0.000000000000000000e+00
-0.000000000000000000e+00
0.000000000000000000e+00
-0.000000000000000000e+00
-0.000000000000000000e+00
-0.000000000000000000e+00
0.000000000000000000e+00
-0.000000000000000000e+00
-9.617924690246582031e-01
-0.000000000000000000e+00
6.666361689567565918e-01
-1.363655924797058105e+00
7.767663598060607910e-01
0.000000000000000000e+00
4.851358234882354736e-01
2.715543285012245178e-02
-7.439516782760620117e-01
-0.000000000000000000e+00
-0.000000000000000000e+00
5.273761153221130371e-01
-4.394643008708953857e-01
0.000000000000000000e+00
0.000000000000000000e+00
0.000000000000000000e+00
2.720857560634613037e-01
-6.776698231697082520e-01
-3.746022582054138184e-01
-0.000000000000000000e+00
1.183880046010017395e-01
-0.000000000000000000e+00
-2.377710938453674316e-01
0.000000000000000000e+00
4.278699755668640137e-01
-7.928233742713928223e-01
4.042962789535522461e-01
1.371004581451416016e+00
-1.939591884613037109e+00
-0.000000000000000000e+00
-1.434468179941177368e-01
0.000000000000000000e+00
0.000000000000000000e+00
8.172702193260192871e-01
7.187001109123229980e-01
0.000000000000000000e+00
0.000000000000000000e+00
4.353312253952026367e-01
0.000000000000000000e+00
-0.000000000000000000e+00
-5.746644139289855957e-01
-0.000000000000000000e+00
-0.000000000000000000e+00
0.000000000000000000e+00
-0.000000000000000000e+00
0.000000000000000000e+00
2.034541666507720947e-01
-5.643444508314132690e-02
0.000000000000000000e+00
0.000000000000000000e+00
7.313724756240844727e-01
-1.363655924797058105e+00
1.371004581451416016e+00
-4.668851196765899658e-01
2.034541666507720947e-01
-5.643444508314132690e-02
4.749352335929870605e-01
