-0.000000000000000000e+00
-0.000000000000000000e+00
-5.204427242279052734e-01
0.000000000000000000e+00
-0.000000000000000000e+00
0.000000000000000000e+00
-2.048258781433105469e-01
2.344313412904739380e-01
-0.000000000000000000e+00
-0.000000000000000000e+00
0.000000000000000000e+00
0.000000000000000000e+00
0.000000000000000000e+00
-0.000000000000000000e+00
-3.096637427806854248e-01
0.000000000000000000e+00
-0.000000000000000000e+00
-0.000000000000000000e+00
-6.077811717987060547e-01
0.000000000000000000e+00
-0.000000000000000000e+00
0.000000000000000000e+00
-0.000000000000000000e+00
0.000000000000000000e+00
-0.000000000000000000e+00
0.000000000000000000e+00
-0.000000000000000000e+00
-0.000000000000000000e+00
0.000000000000000000e+00
0.000000000000000000e+00
-0.000000000000000000e+00
-0.000000000000000000e+00
-0.000000000000000000e+00
0.000000000000000000e+00
2.725475430488586426e-01
-0.000000000000000000e+00
-0.000000000000000000e+00
0.000000000000000000e+00
2.249497473239898682e-01
-0.000000000000000000e+00
-0.000000000000000000e+00
-0.000000000000000000e+00
3.029768764972686768e-01
-0.000000000000000000e+00
0.000000000000000000e+00
0.000000000000000000e+00
-0.000000000000000000e+00
0.000000000000000000e+00
5.545001029968261719e-01
-0.000000000000000000e+00
-2.008387297391891479e-01
8.245254307985305786e-02
-0.000000000000000000e+00
0.000000000000000000e+00
-0.000000000000000000e+00
0.000000000000000000e+00
-0.000000000000000000e+00
-0.000000000000000000e+00
0.000000000000000000e+00
0.000000000000000000e+00
-0.000000000000000000e+00
0.000000000000000000e+00
0.000000000000000000e+00
-0.000000000000000000e+00
0.000000000000000000e+00
0.000000000000000000e+00
0.000000000000000000e+00
0.000000000000000000e+00
-0.000000000000000000e+00
-0.000000000000000000e+00
-0.000000000000000000e+00
0.000000000000000000e+00
-0.000000000000000000e+00
-0.000000000000000000e+00
-4.570477306842803955e-01
-0.000000000000000000e+00
0.000000000000000000e+00
-0.000000000000000000e+00
-6.064847707748413086e-01
-0.000000000000000000e+00
-0.000000000000000000e+00
-2.692323029041290283e-01
-0.000000000000000000e+00
-2.133427262306213379e-01
0.000000000000000000e+00
-0.000000000000000000e+00
-3.165120184421539307e-01
-6.263924241065979004e-01
-0.000000000000000000e+00
-2.739493548870086670e-01
-0.000000000000000000e+00
-0.000000000000000000e+00
0.000000000000000000e+00
0.000000000000000000e+00
-0.000000000000000000e+00
0.000000000000000000e+00
-2.383533716201782227e-01
-0.000000000000000000e+00
-0.000000000000000000e+00
-0.000000000000000000e+00
-5.204427242279052734e-01
-6.077811717987060547e-01
-6.263924241065979004e-01
-3.165120184421539307e-01
-2.048258781433105469e-01
5.545001029968261719e-01
-4.570477306842803955e-01
3.029768764972686768e-01
-6.064847707748413086e-01
2.725475430488586426e-01
-2.133427262306213379e-01
-3.096637427806854248e-01
2.344313412904739380e-01
-2.739493548870086670e-01
-2.692323029041290283e-01
