-0.000000000000000000e+00
-0.000000000000000000e+00
0.000000000000000000e+00
0.000000000000000000e+00
-0.000000000000000000e+00
0.000000000000000000e+00
-2.042478322982788086e-01
-0.000000000000000000e+00
-0.000000000000000000e+00
1.308085471391677856e-01
0.000000000000000000e+00
0.000000000000000000e+00
0.000000000000000000e+00
-0.000000000000000000e+00
-2.968083620071411133e-01
0.000000000000000000e+00
-0.000000000000000000e+00
-0.000000000000000000e+00
-6.056382656097412109e-01
0.000000000000000000e+00
-0.000000000000000000e+00
0.000000000000000000e+00
-0.000000000000000000e+00
0.000000000000000000e+00
-0.000000000000000000e+00
-0.000000000000000000e+00
0.000000000000000000e+00
-0.000000000000000000e+00
-0.000000000000000000e+00
0.000000000000000000e+00
-0.000000000000000000e+00
0.000000000000000000e+00
-0.000000000000000000e+00
0.000000000000000000e+00
2.422374337911605835e-01
-0.000000000000000000e+00
-0.000000000000000000e+00
0.000000000000000000e+00
2.283464670181274414e-01
-0.000000000000000000e+00
-0.000000000000000000e+00
-0.000000000000000000e+00
2.910286486148834229e-01
-0.000000000000000000e+00
-0.000000000000000000e+00
0.000000000000000000e+00
-0.000000000000000000e+00
0.000000000000000000e+00
-0.000000000000000000e+00
-0.000000000000000000e+00
-1.978380084037780762e-01
2.791100442409515381e-01
0.000000000000000000e+00
0.000000000000000000e+00
0.000000000000000000e+00
-0.000000000000000000e+00
1.779009699821472168e-01
-0.000000000000000000e+00
0.000000000000000000e+00
0.000000000000000000e+00
0.000000000000000000e+00
0.000000000000000000e+00
-0.000000000000000000e+00
-0.000000000000000000e+00
0.000000000000000000e+00
-0.000000000000000000e+00
0.000000000000000000e+00
0.000000000000000000e+00
-0.000000000000000000e+00
-0.000000000000000000e+00
-0.000000000000000000e+00
0.000000000000000000e+00
-0.000000000000000000e+00
-0.000000000000000000e+00
-4.609440267086029053e-01
-0.000000000000000000e+00
0.000000000000000000e+00
-0.000000000000000000e+00
-5.644152760505676270e-01
-0.000000000000000000e+00
-0.000000000000000000e+00
-3.243430852890014648e-01
-0.000000000000000000e+00
0.000000000000000000e+00
0.000000000000000000e+00
0.000000000000000000e+00
-2.947900593280792236e-01
-6.374790072441101074e-01
9.191200733184814453e-01
-2.184911668300628662e-01
-0.000000000000000000e+00
-0.000000000000000000e+00
0.000000000000000000e+00
0.000000000000000000e+00
-0.000000000000000000e+00
0.000000000000000000e+00
-2.895395457744598389e-01
0.000000000000000000e+00
-0.000000000000000000e+00
-0.000000000000000000e+00
-5.644152760505676270e-01
9.191200733184814453e-01
-2.947900593280792236e-01
2.910286486148834229e-01
-6.374790072441101074e-01
-4.609440267086029053e-01
-3.243430852890014648e-01
2.791100442409515381e-01
1.779009699821472168e-01
2.422374337911605835e-01
-2.968083620071411133e-01
-2.184911668300628662e-01
-2.042478322982788086e-01
-6.056382656097412109e-01
