-5.117375254631042480e-01
5.731824636459350586e-01
-0.000000000000000000e+00
-2.455081343650817871e-01
0.000000000000000000e+00
-0.000000000000000000e+00
-8.227783441543579102e-01
0.000000000000000000e+00
-2.179326564073562622e-01
-0.000000000000000000e+00
2.197870798408985138e-02
8.490944653749465942e-02
0.000000000000000000e+00
2.529816329479217529e-01
0.000000000000000000e+00
0.000000000000000000e+00
-0.000000000000000000e+00
0.000000000000000000e+00
0.000000000000000000e+00
5.638813376426696777e-01
-0.000000000000000000e+00
3.224863111972808838e-01
1.268342137336730957e-01
0.000000000000000000e+00
1.523208152502775192e-02
-0.000000000000000000e+00
9.280129671096801758e-01
0.000000000000000000e+00
-8.004970848560333252e-02
1.919604837894439697e-01
2.415669858455657959e-01
7.080695033073425293e-01
-0.000000000000000000e+00
-0.000000000000000000e+00
-6.436731219291687012e-01
1.584365777671337128e-02
-0.000000000000000000e+00
-0.000000000000000000e+00
0.000000000000000000e+00
-2.304598391056060791e-01
-4.079121351242065430e-01
-4.772595167160034180e-01
-0.000000000000000000e+00
-5.851595997810363770e-01
-0.000000000000000000e+00
-0.000000000000000000e+00
1.842029243707656860e-01
-0.000000000000000000e+00
-8.314169198274612427e-02
4.407450854778289795e-01
2.453930824995040894e-01
-0.000000000000000000e+00
3.341256678104400635e-01
1.049614906311035156e+00
0.000000000000000000e+00
-0.000000000000000000e+00
3.511322438716888428e-01
6.768763661384582520e-01
6.916790604591369629e-01
-4.402934014797210693e-02
4.869427382946014404e-01
-0.000000000000000000e+00
-4.648254811763763428e-01
-0.000000000000000000e+00
7.414861023426055908e-02
5.070361495018005371e-01
-5.048307180404663086e-01
0.000000000000000000e+00
0.000000000000000000e+00
1.587551593780517578e+00
1.215454459190368652e+00
5.864552259445190430e-01
-0.000000000000000000e+00
-3.135085999965667725e-01
8.654461503028869629e-01
-0.000000000000000000e+00
0.000000000000000000e+00
0.000000000000000000e+00
-2.166600227355957031e-01
-0.000000000000000000e+00
-0.000000000000000000e+00
1.394886255264282227e+00
0.000000000000000000e+00
0.000000000000000000e+00
-0.000000000000000000e+00
0.000000000000000000e+00
-3.108465969562530518e-01
-9.848435521125793457e-01
-0.000000000000000000e+00
-0.000000000000000000e+00
5.119144320487976074e-01
-0.000000000000000000e+00
2.726248204708099365e-01
-3.683523237705230713e-01
4.101027846336364746e-01
0.000000000000000000e+00
1.073145680129528046e-02
0.000000000000000000e+00
-8.723791688680648804e-02
-3.508379161357879639e-01
1.394886255264282227e+00
1.215454459190368652e+00
-8.314169198274612427e-02
4.101027846336364746e-01
1.073145680129528046e-02
-5.851595997810363770e-01
5.731824636459350586e-01
