-0.000000000000000000e+00
-0.000000000000000000e+00
0.000000000000000000e+00
0.000000000000000000e+00
-0.000000000000000000e+00
0.000000000000000000e+00
-1.935758143663406372e-01
2.178580462932586670e-01
-0.000000000000000000e+00
4.217105507850646973e-01
0.000000000000000000e+00
0.000000000000000000e+00
0.000000000000000000e+00
-0.000000000000000000e+00
-2.799524366855621338e-01
0.000000000000000000e+00
-0.000000000000000000e+00
-0.000000000000000000e+00
-4.823030829429626465e-01
0.000000000000000000e+00
-0.000000000000000000e+00
-0.000000000000000000e+00
-0.000000000000000000e+00
0.000000000000000000e+00
-0.000000000000000000e+00
-0.000000000000000000e+00
3.383277952671051025e-01
-0.000000000000000000e+00
0.000000000000000000e+00
0.000000000000000000e+00
-0.000000000000000000e+00
0.000000000000000000e+00
-0.000000000000000000e+00
0.000000000000000000e+00
2.744995653629302979e-01
-0.000000000000000000e+00
-0.000000000000000000e+00
0.000000000000000000e+00
2.088995575904846191e-01
-0.000000000000000000e+00
0.000000000000000000e+00
-0.000000000000000000e+00
2.829141914844512939e-01
-0.000000000000000000e+00
-0.000000000000000000e+00
0.000000000000000000e+00
-0.000000000000000000e+00
0.000000000000000000e+00
2.979163229465484619e-01
-0.000000000000000000e+00
-1.994044333696365356e-01
2.860030829906463623e-01
-0.000000000000000000e+00
-0.000000000000000000e+00
-0.000000000000000000e+00
-9.465935081243515015e-02
6.055730208754539490e-02
5.949474498629570007e-02
0.000000000000000000e+00
0.000000000000000000e+00
0.000000000000000000e+00
0.000000000000000000e+00
-0.000000000000000000e+00
-0.000000000000000000e+00
0.000000000000000000e+00
0.000000000000000000e+00
-0.000000000000000000e+00
0.000000000000000000e+00
-0.000000000000000000e+00
-0.000000000000000000e+00
-0.000000000000000000e+00
0.000000000000000000e+00
-0.000000000000000000e+00
-0.000000000000000000e+00
-4.571188986301422119e-01
-0.000000000000000000e+00
0.000000000000000000e+00
-0.000000000000000000e+00
-6.279848217964172363e-01
-0.000000000000000000e+00
-0.000000000000000000e+00
-2.622099518775939941e-01
-0.000000000000000000e+00
0.000000000000000000e+00
0.000000000000000000e+00
0.000000000000000000e+00
-2.940228581428527832e-01
-4.805379211902618408e-01
5.329449176788330078e-01
0.000000000000000000e+00
-0.000000000000000000e+00
-0.000000000000000000e+00
0.000000000000000000e+00
0.000000000000000000e+00
-0.000000000000000000e+00
0.000000000000000000e+00
-2.756417095661163330e-01
-0.000000000000000000e+00
-0.000000000000000000e+00
-0.000000000000000000e+00
-6.279848217964172363e-01
-4.823030829429626465e-01
2.178580462932586670e-01
-2.940228581428527832e-01
-2.799524366855621338e-01
5.329449176788330078e-01
-4.571188986301422119e-01
-4.805379211902618408e-01
3.383277952671051025e-01
2.829141914844512939e-01
-2.756417095661163330e-01
2.744995653629302979e-01
4.217105507850646973e-01
2.979163229465484619e-01
-2.622099518775939941e-01
-1.935758143663406372e-01
2.860030829906463623e-01
-9.465935081243515015e-02
