-0.000000000000000000e+00
-3.490329980850219727e-01
-0.000000000000000000e+00
7.435054183006286621e-01
-0.000000000000000000e+00
1.136327505111694336e+00
0.000000000000000000e+00
-4.575058221817016602e-01
-1.154686138033866882e-01
-0.000000000000000000e+00
0.000000000000000000e+00
9.477812796831130981e-02
-0.000000000000000000e+00
-0.000000000000000000e+00
-0.000000000000000000e+00
-0.000000000000000000e+00
4.510611295700073242e-01
3.831960260868072510e-01
8.959981203079223633e-01
-3.510318994522094727e-01
3.041216731071472168e-01
7.197114825248718262e-01
0.000000000000000000e+00
0.000000000000000000e+00
-0.000000000000000000e+00
-1.849953174591064453e+00
-2.224580496549606323e-01
-0.000000000000000000e+00
9.361739158630371094e-01
-1.056323289871215820e+00
-0.000000000000000000e+00
5.939356088638305664e-01
-0.000000000000000000e+00
5.625802874565124512e-01
-4.198853075504302979e-01
2.930342257022857666e-01
-1.284266829490661621e+00
0.000000000000000000e+00
-0.000000000000000000e+00
-8.937588334083557129e-01
-0.000000000000000000e+00
-0.000000000000000000e+00
6.843072921037673950e-02
9.931058287620544434e-01
0.000000000000000000e+00
0.000000000000000000e+00
0.000000000000000000e+00
0.000000000000000000e+00
5.600931644439697266e-01
2.575454413890838623e-01
-0.000000000000000000e+00
-0.000000000000000000e+00
-2.729853391647338867e-01
0.000000000000000000e+00
-0.000000000000000000e+00
1.866518855094909668e-01
-1.242584288120269775e-01
0.000000000000000000e+00
0.000000000000000000e+00
-3.516823351383209229e-01
-0.000000000000000000e+00
0.000000000000000000e+00
-0.000000000000000000e+00
5.293291211128234863e-01
0.000000000000000000e+00
0.000000000000000000e+00
-0.000000000000000000e+00
1.779484003782272339e-01
0.000000000000000000e+00
2.285598218441009521e-01
0.000000000000000000e+00
0.000000000000000000e+00
-0.000000000000000000e+00
-0.000000000000000000e+00
8.994663953781127930e-01
-1.390244215726852417e-01
-0.000000000000000000e+00
-2.241049110889434814e-01
1.216086447238922119e-01
-9.820583462715148926e-02
1.064122915267944336e+00
5.428949743509292603e-02
0.000000000000000000e+00
0.000000000000000000e+00
-0.000000000000000000e+00
6.126372888684272766e-02
-0.000000000000000000e+00
-0.000000000000000000e+00
0.000000000000000000e+00
-8.031203746795654297e-01
-0.000000000000000000e+00
-3.266410827636718750e-01
6.041860580444335938e-01
-0.000000000000000000e+00
-0.000000000000000000e+00
9.739276170730590820e-01
-2.419454902410507202e-01
-0.000000000000000000e+00
3.803862631320953369e-01
-8.492271304130554199e-01
-1.056323289871215820e+00
9.361739158630371094e-01
6.126372888684272766e-02
-1.284266829490661621e+00
