-0.000000000000000000e+00
-0.000000000000000000e+00
0.000000000000000000e+00
0.000000000000000000e+00
-0.000000000000000000e+00
0.000000000000000000e+00
-1.917557418346405029e-01
2.344862520694732666e-01
-0.000000000000000000e+00
5.046093463897705078e-01
0.000000000000000000e+00
0.000000000000000000e+00
0.000000000000000000e+00
-0.000000000000000000e+00
-3.552864193916320801e-01
0.000000000000000000e+00
-0.000000000000000000e+00
-0.000000000000000000e+00
-5.734148025512695312e-01
-6.317961812019348145e-01
-0.000000000000000000e+00
0.000000000000000000e+00
-0.000000000000000000e+00
0.000000000000000000e+00
2.853466868400573730e-01
-0.000000000000000000e+00
-0.000000000000000000e+00
-0.000000000000000000e+00
0.000000000000000000e+00
0.000000000000000000e+00
-0.000000000000000000e+00
0.000000000000000000e+00
-0.000000000000000000e+00
0.000000000000000000e+00
0.000000000000000000e+00
-0.000000000000000000e+00
-0.000000000000000000e+00
0.000000000000000000e+00
2.284849435091018677e-01
-0.000000000000000000e+00
0.000000000000000000e+00
-0.000000000000000000e+00
2.965049147605895996e-01
-0.000000000000000000e+00
-2.719594538211822510e-01
0.000000000000000000e+00
-0.000000000000000000e+00
0.000000000000000000e+00
-0.000000000000000000e+00
-0.000000000000000000e+00
-2.020711302757263184e-01
0.000000000000000000e+00
-0.000000000000000000e+00
-0.000000000000000000e+00
-0.000000000000000000e+00
-2.335110679268836975e-02
-0.000000000000000000e+00
-0.000000000000000000e+00
0.000000000000000000e+00
0.000000000000000000e+00
-0.000000000000000000e+00
0.000000000000000000e+00
-0.000000000000000000e+00
-0.000000000000000000e+00
0.000000000000000000e+00
0.000000000000000000e+00
0.000000000000000000e+00
0.000000000000000000e+00
-0.000000000000000000e+00
-0.000000000000000000e+00
0.000000000000000000e+00
0.000000000000000000e+00
-0.000000000000000000e+00
-0.000000000000000000e+00
-0.000000000000000000e+00
-0.000000000000000000e+00
0.000000000000000000e+00
-0.000000000000000000e+00
-5.669536590576171875e-01
-0.000000000000000000e+00
-0.000000000000000000e+00
0.000000000000000000e+00
-0.000000000000000000e+00
-7.116421461105346680e-01
0.000000000000000000e+00
-4.708811640739440918e-01
-3.027757704257965088e-01
0.000000000000000000e+00
-0.000000000000000000e+00
0.000000000000000000e+00
-0.000000000000000000e+00
-0.000000000000000000e+00
0.000000000000000000e+00
0.000000000000000000e+00
-2.167020887136459351e-01
0.000000000000000000e+00
-2.723834514617919922e-01
-0.000000000000000000e+00
-0.000000000000000000e+00
-0.000000000000000000e+00
-3.552864193916320801e-01
-6.317961812019348145e-01
2.344862520694732666e-01
-3.027757704257965088e-01
2.965049147605895996e-01
5.046093463897705078e-01
-1.917557418346405029e-01
-5.669536590576171875e-01
-2.723834514617919922e-01
-2.167020887136459351e-01
-4.708811640739440918e-01
-5.734148025512695312e-01
-2.335110679268836975e-02
-2.719594538211822510e-01
-7.116421461105346680e-01
