0.000000000000000000e+00
2.826593518257141113e-01
0.000000000000000000e+00
0.000000000000000000e+00
-0.000000000000000000e+00
-0.000000000000000000e+00
0.000000000000000000e+00
0.000000000000000000e+00
-0.000000000000000000e+00
0.000000000000000000e+00
0.000000000000000000e+00
0.000000000000000000e+00
-0.000000000000000000e+00
2.181956917047500610e-01
-0.000000000000000000e+00
-0.000000000000000000e+00
0.000000000000000000e+00
-0.000000000000000000e+00
-0.000000000000000000e+00
0.000000000000000000e+00
0.000000000000000000e+00
2.314768433570861816e-01
0.000000000000000000e+00
-0.000000000000000000e+00
0.000000000000000000e+00
0.000000000000000000e+00
-0.000000000000000000e+00
-0.000000000000000000e+00
-0.000000000000000000e+00
0.000000000000000000e+00
0.000000000000000000e+00
2.245789468288421631e-01
-0.000000000000000000e+00
0.000000000000000000e+00
-0.000000000000000000e+00
0.000000000000000000e+00
0.000000000000000000e+00
0.000000000000000000e+00
-0.000000000000000000e+00
-1.685693264007568359e-01
-0.000000000000000000e+00
-4.273737370967864990e-01
0.000000000000000000e+00
-0.000000000000000000e+00
0.000000000000000000e+00
0.000000000000000000e+00
0.000000000000000000e+00
0.000000000000000000e+00
-2.575341463088989258e-01
3.702342510223388672e-01
2.236541807651519775e-01
0.000000000000000000e+00
0.000000000000000000e+00
2.665246427059173584e-01
-0.000000000000000000e+00
0.000000000000000000e+00
2.103578150272369385e-01
9.113538265228271484e-02
0.000000000000000000e+00
-2.690577507019042969e-02
4.051736295223236084e-01
0.000000000000000000e+00
0.000000000000000000e+00
0.000000000000000000e+00
0.000000000000000000e+00
-0.000000000000000000e+00
-0.000000000000000000e+00
-0.000000000000000000e+00
-0.000000000000000000e+00
6.532394886016845703e-01
0.000000000000000000e+00
0.000000000000000000e+00
0.000000000000000000e+00
-0.000000000000000000e+00
4.365749955177307129e-01
0.000000000000000000e+00
-4.279694259166717529e-01
-0.000000000000000000e+00
-0.000000000000000000e+00
0.000000000000000000e+00
0.000000000000000000e+00
4.360181987285614014e-01
-0.000000000000000000e+00
-0.000000000000000000e+00
0.000000000000000000e+00
-0.000000000000000000e+00
-0.000000000000000000e+00
-7.860394567251205444e-02
0.000000000000000000e+00
0.000000000000000000e+00
3.024003803730010986e-01
-5.032792091369628906e-01
0.000000000000000000e+00
-2.636811435222625732e-01
0.000000000000000000e+00
-0.000000000000000000e+00
0.000000000000000000e+00
-0.000000000000000000e+00
-0.000000000000000000e+00
-1.711284220218658447e-01
4.360181987285614014e-01
2.314768433570861816e-01
2.181956917047500610e-01
-5.032792091369628906e-01
6.532394886016845703e-01
-4.279694259166717529e-01
2.103578150272369385e-01
-2.575341463088989258e-01
4.365749955177307129e-01
2.665246427059173584e-01
2.826593518257141113e-01
3.024003803730010986e-01
-1.685693264007568359e-01
-7.860394567251205444e-02
-2.636811435222625732e-01
-4.273737370967864990e-01
3.702342510223388672e-01
4.051736295223236084e-01
