-0.000000000000000000e+00
-0.000000000000000000e+00
0.000000000000000000e+00
-2.711441218852996826e-01
-0.000000000000000000e+00
0.000000000000000000e+00
-2.009655535221099854e-01
1.930954605340957642e-01
-0.000000000000000000e+00
-0.000000000000000000e+00
0.000000000000000000e+00
0.000000000000000000e+00
0.000000000000000000e+00
-0.000000000000000000e+00
-4.168989360332489014e-01
0.000000000000000000e+00
-0.000000000000000000e+00
4.044478833675384521e-01
0.000000000000000000e+00
0.000000000000000000e+00
-0.000000000000000000e+00
0.000000000000000000e+00
4.555617868900299072e-01
0.000000000000000000e+00
-0.000000000000000000e+00
-0.000000000000000000e+00
-0.000000000000000000e+00
-0.000000000000000000e+00
-0.000000000000000000e+00
0.000000000000000000e+00
-0.000000000000000000e+00
0.000000000000000000e+00
-0.000000000000000000e+00
0.000000000000000000e+00
2.014710158109664917e-01
-0.000000000000000000e+00
-0.000000000000000000e+00
0.000000000000000000e+00
2.337483912706375122e-01
-0.000000000000000000e+00
-0.000000000000000000e+00
-0.000000000000000000e+00
2.657577395439147949e-01
-0.000000000000000000e+00
0.000000000000000000e+00
0.000000000000000000e+00
-0.000000000000000000e+00
0.000000000000000000e+00
-0.000000000000000000e+00
-0.000000000000000000e+00
0.000000000000000000e+00
2.821418046951293945e-01
0.000000000000000000e+00
0.000000000000000000e+00
-0.000000000000000000e+00
-2.198805361986160278e-01
-0.000000000000000000e+00
-0.000000000000000000e+00
0.000000000000000000e+00
0.000000000000000000e+00
-2.189491987228393555e-01
0.000000000000000000e+00
0.000000000000000000e+00
-0.000000000000000000e+00
0.000000000000000000e+00
0.000000000000000000e+00
0.000000000000000000e+00
0.000000000000000000e+00
-0.000000000000000000e+00
-0.000000000000000000e+00
-0.000000000000000000e+00
0.000000000000000000e+00
-0.000000000000000000e+00
-0.000000000000000000e+00
-0.000000000000000000e+00
-0.000000000000000000e+00
0.000000000000000000e+00
-0.000000000000000000e+00
-5.516520738601684570e-01
0.000000000000000000e+00
-0.000000000000000000e+00
-4.243712127208709717e-01
-0.000000000000000000e+00
-1.760963201522827148e-01
0.000000000000000000e+00
0.000000000000000000e+00
0.000000000000000000e+00
-5.627322196960449219e-01
9.546627402305603027e-01
0.000000000000000000e+00
-0.000000000000000000e+00
-0.000000000000000000e+00
0.000000000000000000e+00
0.000000000000000000e+00
-0.000000000000000000e+00
0.000000000000000000e+00
-2.495066970586776733e-01
-0.000000000000000000e+00
-0.000000000000000000e+00
-0.000000000000000000e+00
-2.711441218852996826e-01
9.546627402305603027e-01
-2.189491987228393555e-01
-1.760963201522827148e-01
-5.627322196960449219e-01
4.044478833675384521e-01
2.821418046951293945e-01
-5.516520738601684570e-01
2.657577395439147949e-01
-4.168989360332489014e-01
2.014710158109664917e-01
4.555617868900299072e-01
1.930954605340957642e-01
-2.009655535221099854e-01
-4.243712127208709717e-01
