4.502899646759033203e-01
-0.000000000000000000e+00
0.000000000000000000e+00
-3.157584667205810547e-01
-0.000000000000000000e+00
0.000000000000000000e+00
-2.042513340711593628e-01
-0.000000000000000000e+00
-0.000000000000000000e+00
-0.000000000000000000e+00
0.000000000000000000e+00
0.000000000000000000e+00
0.000000000000000000e+00
-0.000000000000000000e+00
-3.719756305217742920e-01
0.000000000000000000e+00
-0.000000000000000000e+00
-0.000000000000000000e+00
-4.250695705413818359e-01
0.000000000000000000e+00
-0.000000000000000000e+00
0.000000000000000000e+00
-0.000000000000000000e+00
0.000000000000000000e+00
-0.000000000000000000e+00
-0.000000000000000000e+00
-0.000000000000000000e+00
-0.000000000000000000e+00
2.856206297874450684e-01
0.000000000000000000e+00
0.000000000000000000e+00
-0.000000000000000000e+00
-0.000000000000000000e+00
0.000000000000000000e+00
2.405187189579010010e-01
-0.000000000000000000e+00
-0.000000000000000000e+00
0.000000000000000000e+00
2.252953648567199707e-01
-0.000000000000000000e+00
-0.000000000000000000e+00
-0.000000000000000000e+00
2.834996581077575684e-01
0.000000000000000000e+00
0.000000000000000000e+00
0.000000000000000000e+00
-0.000000000000000000e+00
0.000000000000000000e+00
-0.000000000000000000e+00
-0.000000000000000000e+00
-2.050687670707702637e-01
2.867506742477416992e-01
0.000000000000000000e+00
-0.000000000000000000e+00
-0.000000000000000000e+00
-0.000000000000000000e+00
1.805511116981506348e-01
-0.000000000000000000e+00
0.000000000000000000e+00
0.000000000000000000e+00
-1.431350689381361008e-02
0.000000000000000000e+00
-0.000000000000000000e+00
-0.000000000000000000e+00
-0.000000000000000000e+00
-0.000000000000000000e+00
0.000000000000000000e+00
0.000000000000000000e+00
-0.000000000000000000e+00
-0.000000000000000000e+00
-0.000000000000000000e+00
0.000000000000000000e+00
-0.000000000000000000e+00
-0.000000000000000000e+00
0.000000000000000000e+00
-0.000000000000000000e+00
0.000000000000000000e+00
-0.000000000000000000e+00
-5.778028964996337891e-01
0.000000000000000000e+00
-0.000000000000000000e+00
-3.506320416927337646e-01
-0.000000000000000000e+00
0.000000000000000000e+00
0.000000000000000000e+00
0.000000000000000000e+00
0.000000000000000000e+00
-6.152706742286682129e-01
1.003980755805969238e+00
-2.449341267347335815e-01
-0.000000000000000000e+00
-0.000000000000000000e+00
0.000000000000000000e+00
0.000000000000000000e+00
-0.000000000000000000e+00
0.000000000000000000e+00
0.000000000000000000e+00
-0.000000000000000000e+00
-0.000000000000000000e+00
-0.000000000000000000e+00
-4.250695705413818359e-01
2.867506742477416992e-01
4.502899646759033203e-01
1.003980755805969238e+00
-3.157584667205810547e-01
-2.449341267347335815e-01
2.834996581077575684e-01
-2.042513340711593628e-01
-0.000000000000000000e+00
-6.152706742286682129e-01
2.856206297874450684e-01
-3.719756305217742920e-01
-5.778028964996337891e-01
2.405187189579010010e-01
-3.506320416927337646e-01
