-0.000000000000000000e+00
-0.000000000000000000e+00
-3.507879376411437988e-01
0.000000000000000000e+00
-0.000000000000000000e+00
0.000000000000000000e+00
-1.975252181291580200e-01
2.096019834280014038e-01
-0.000000000000000000e+00
2.432350628077983856e-02
0.000000000000000000e+00
0.000000000000000000e+00
0.000000000000000000e+00
-0.000000000000000000e+00
-3.104230165481567383e-01
0.000000000000000000e+00
-0.000000000000000000e+00
-0.000000000000000000e+00
-0.000000000000000000e+00
0.000000000000000000e+00
-0.000000000000000000e+00
0.000000000000000000e+00
-0.000000000000000000e+00
0.000000000000000000e+00
2.831415235996246338e-01
-0.000000000000000000e+00
0.000000000000000000e+00
-0.000000000000000000e+00
0.000000000000000000e+00
0.000000000000000000e+00
0.000000000000000000e+00
0.000000000000000000e+00
-0.000000000000000000e+00
-0.000000000000000000e+00
2.376655638217926025e-01
-0.000000000000000000e+00
-0.000000000000000000e+00
0.000000000000000000e+00
2.279511839151382446e-01
-0.000000000000000000e+00
0.000000000000000000e+00
1.391191482543945312e-01
2.751647233963012695e-01
-0.000000000000000000e+00
-0.000000000000000000e+00
0.000000000000000000e+00
-0.000000000000000000e+00
0.000000000000000000e+00
-0.000000000000000000e+00
-0.000000000000000000e+00
-3.814948797225952148e-01
2.893559634685516357e-01
0.000000000000000000e+00
-0.000000000000000000e+00
-0.000000000000000000e+00
-2.014356702566146851e-01
-0.000000000000000000e+00
-0.000000000000000000e+00
0.000000000000000000e+00
0.000000000000000000e+00
-2.184287458658218384e-02
0.000000000000000000e+00
4.081766903400421143e-01
-0.000000000000000000e+00
0.000000000000000000e+00
0.000000000000000000e+00
0.000000000000000000e+00
0.000000000000000000e+00
-0.000000000000000000e+00
-0.000000000000000000e+00
-0.000000000000000000e+00
0.000000000000000000e+00
-0.000000000000000000e+00
-0.000000000000000000e+00
-4.663093686103820801e-01
-0.000000000000000000e+00
0.000000000000000000e+00
-0.000000000000000000e+00
-5.997803211212158203e-01
-0.000000000000000000e+00
-0.000000000000000000e+00
-3.261136114597320557e-01
-0.000000000000000000e+00
0.000000000000000000e+00
0.000000000000000000e+00
0.000000000000000000e+00
-2.960933446884155273e-01
-4.638583958148956299e-01
7.574443817138671875e-01
0.000000000000000000e+00
-0.000000000000000000e+00
-0.000000000000000000e+00
0.000000000000000000e+00
0.000000000000000000e+00
-0.000000000000000000e+00
0.000000000000000000e+00
0.000000000000000000e+00
-0.000000000000000000e+00
-0.000000000000000000e+00
-0.000000000000000000e+00
-3.814948797225952148e-01
2.831415235996246338e-01
-3.507879376411437988e-01
4.081766903400421143e-01
-4.663093686103820801e-01
1.391191482543945312e-01
-4.638583958148956299e-01
2.893559634685516357e-01
-1.975252181291580200e-01
2.376655638217926025e-01
7.574443817138671875e-01
2.751647233963012695e-01
-3.104230165481567383e-01
-3.261136114597320557e-01
-2.960933446884155273e-01
-5.997803211212158203e-01
2.096019834280014038e-01
