-0.000000000000000000e+00
-0.000000000000000000e+00
-4.506336450576782227e-01
-3.136747777462005615e-01
-0.000000000000000000e+00
0.000000000000000000e+00
-2.013033926486968994e-01
-0.000000000000000000e+00
-0.000000000000000000e+00
-0.000000000000000000e+00
0.000000000000000000e+00
0.000000000000000000e+00
0.000000000000000000e+00
-0.000000000000000000e+00
-3.137795031070709229e-01
0.000000000000000000e+00
-0.000000000000000000e+00
-0.000000000000000000e+00
-4.638800919055938721e-01
-1.414067000150680542e-01
-0.000000000000000000e+00
-0.000000000000000000e+00
-0.000000000000000000e+00
0.000000000000000000e+00
3.103768229484558105e-01
-0.000000000000000000e+00
-0.000000000000000000e+00
-0.000000000000000000e+00
-0.000000000000000000e+00
0.000000000000000000e+00
-0.000000000000000000e+00
-0.000000000000000000e+00
-0.000000000000000000e+00
0.000000000000000000e+00
2.692231535911560059e-01
-0.000000000000000000e+00
-0.000000000000000000e+00
0.000000000000000000e+00
2.169299870729446411e-01
-0.000000000000000000e+00
0.000000000000000000e+00
-0.000000000000000000e+00
2.881782650947570801e-01
0.000000000000000000e+00
0.000000000000000000e+00
0.000000000000000000e+00
-0.000000000000000000e+00
0.000000000000000000e+00
-0.000000000000000000e+00
-0.000000000000000000e+00
-2.035667002201080322e-01
2.801428735256195068e-01
0.000000000000000000e+00
-0.000000000000000000e+00
-0.000000000000000000e+00
-5.272239074110984802e-02
-0.000000000000000000e+00
-0.000000000000000000e+00
0.000000000000000000e+00
0.000000000000000000e+00
-1.796726882457733154e-02
0.000000000000000000e+00
-0.000000000000000000e+00
5.003859996795654297e-01
0.000000000000000000e+00
-0.000000000000000000e+00
0.000000000000000000e+00
0.000000000000000000e+00
-0.000000000000000000e+00
-0.000000000000000000e+00
-0.000000000000000000e+00
0.000000000000000000e+00
-0.000000000000000000e+00
-0.000000000000000000e+00
0.000000000000000000e+00
-0.000000000000000000e+00
0.000000000000000000e+00
-0.000000000000000000e+00
-6.393259167671203613e-01
-0.000000000000000000e+00
-0.000000000000000000e+00
-3.564336895942687988e-01
-0.000000000000000000e+00
0.000000000000000000e+00
0.000000000000000000e+00
-4.704274833202362061e-01
0.000000000000000000e+00
-4.749265909194946289e-01
4.404518008232116699e-01
-2.422546744346618652e-01
-0.000000000000000000e+00
-0.000000000000000000e+00
0.000000000000000000e+00
0.000000000000000000e+00
0.000000000000000000e+00
0.000000000000000000e+00
0.000000000000000000e+00
-0.000000000000000000e+00
-0.000000000000000000e+00
-0.000000000000000000e+00
-3.136747777462005615e-01
-2.422546744346618652e-01
-1.414067000150680542e-01
4.404518008232116699e-01
2.801428735256195068e-01
-4.749265909194946289e-01
-4.638800919055938721e-01
3.103768229484558105e-01
2.881782650947570801e-01
-4.506336450576782227e-01
-3.137795031070709229e-01
2.692231535911560059e-01
-3.564336895942687988e-01
5.003859996795654297e-01
-4.704274833202362061e-01
-2.013033926486968994e-01
-5.272239074110984802e-02
-6.393259167671203613e-01
