-0.000000000000000000e+00
-0.000000000000000000e+00
0.000000000000000000e+00
0.000000000000000000e+00
-0.000000000000000000e+00
0.000000000000000000e+00
-1.751585453748703003e-01
2.127165347337722778e-01
-0.000000000000000000e+00
5.410122275352478027e-01
0.000000000000000000e+00
0.000000000000000000e+00
0.000000000000000000e+00
-0.000000000000000000e+00
-2.544082105159759521e-01
0.000000000000000000e+00
-0.000000000000000000e+00
-0.000000000000000000e+00
0.000000000000000000e+00
0.000000000000000000e+00
-0.000000000000000000e+00
0.000000000000000000e+00
-0.000000000000000000e+00
0.000000000000000000e+00
2.854578793048858643e-01
-0.000000000000000000e+00
-0.000000000000000000e+00
6.361059546470642090e-01
0.000000000000000000e+00
0.000000000000000000e+00
-0.000000000000000000e+00
-0.000000000000000000e+00
-0.000000000000000000e+00
0.000000000000000000e+00
2.136400789022445679e-01
-0.000000000000000000e+00
-0.000000000000000000e+00
0.000000000000000000e+00
2.314814627170562744e-01
0.000000000000000000e+00
0.000000000000000000e+00
-0.000000000000000000e+00
2.911730706691741943e-01
-0.000000000000000000e+00
0.000000000000000000e+00
0.000000000000000000e+00
-0.000000000000000000e+00
0.000000000000000000e+00
-0.000000000000000000e+00
-0.000000000000000000e+00
-1.844579130411148071e-01
2.591701447963714600e-01
0.000000000000000000e+00
-0.000000000000000000e+00
0.000000000000000000e+00
0.000000000000000000e+00
-0.000000000000000000e+00
-0.000000000000000000e+00
0.000000000000000000e+00
0.000000000000000000e+00
-0.000000000000000000e+00
0.000000000000000000e+00
-0.000000000000000000e+00
-0.000000000000000000e+00
0.000000000000000000e+00
0.000000000000000000e+00
0.000000000000000000e+00
0.000000000000000000e+00
-0.000000000000000000e+00
-0.000000000000000000e+00
-0.000000000000000000e+00
0.000000000000000000e+00
-0.000000000000000000e+00
-0.000000000000000000e+00
-0.000000000000000000e+00
-0.000000000000000000e+00
0.000000000000000000e+00
-0.000000000000000000e+00
-5.523037314414978027e-01
-0.000000000000000000e+00
-0.000000000000000000e+00
-3.614522516727447510e-01
-0.000000000000000000e+00
-6.350132822990417480e-01
0.000000000000000000e+00
-4.621233046054840088e-01
-2.851010262966156006e-01
-6.234932541847229004e-01
-0.000000000000000000e+00
0.000000000000000000e+00
-0.000000000000000000e+00
-0.000000000000000000e+00
0.000000000000000000e+00
0.000000000000000000e+00
0.000000000000000000e+00
0.000000000000000000e+00
0.000000000000000000e+00
-0.000000000000000000e+00
-0.000000000000000000e+00
-0.000000000000000000e+00
6.361059546470642090e-01
-2.851010262966156006e-01
-3.614522516727447510e-01
2.911730706691741943e-01
-1.751585453748703003e-01
-6.234932541847229004e-01
-5.523037314414978027e-01
5.410122275352478027e-01
-6.350132822990417480e-01
2.591701447963714600e-01
2.136400789022445679e-01
-4.621233046054840088e-01
-2.544082105159759521e-01
2.127165347337722778e-01
