-0.000000000000000000e+00
-4.009067714214324951e-01
-0.000000000000000000e+00
6.806572079658508301e-01
-9.856030344963073730e-03
5.842977762222290039e-01
0.000000000000000000e+00
-4.678245484828948975e-01
-3.991472721099853516e-02
-0.000000000000000000e+00
0.000000000000000000e+00
1.159999445080757141e-01
-4.368247091770172119e-01
-0.000000000000000000e+00
-0.000000000000000000e+00
-0.000000000000000000e+00
3.266064524650573730e-01
3.313001096248626709e-01
3.899928927421569824e-01
-4.266512691974639893e-01
1.948516517877578735e-01
7.766047716140747070e-01
0.000000000000000000e+00
0.000000000000000000e+00
0.000000000000000000e+00
-1.786429762840270996e+00
-6.495914459228515625e-01
-0.000000000000000000e+00
1.803158819675445557e-01
-7.888099551200866699e-01
-0.000000000000000000e+00
5.868500471115112305e-01
0.000000000000000000e+00
0.000000000000000000e+00
-7.974412292242050171e-02
5.311571955680847168e-01
-9.153789877891540527e-01
0.000000000000000000e+00
-0.000000000000000000e+00
-9.927163720130920410e-01
-0.000000000000000000e+00
-0.000000000000000000e+00
3.720023334026336670e-01
9.631072878837585449e-01
5.946112871170043945e-01
4.853093326091766357e-01
0.000000000000000000e+00
1.638204306364059448e-01
6.116223931312561035e-01
1.913740783929824829e-01
-0.000000000000000000e+00
-0.000000000000000000e+00
-2.359591275453567505e-01
3.748086094856262207e-01
-6.975832581520080566e-02
1.447253525257110596e-01
-1.234065219759941101e-01
0.000000000000000000e+00
2.550782263278961182e-01
-6.682679057121276855e-01
0.000000000000000000e+00
0.000000000000000000e+00
-7.828672528266906738e-01
3.998931348323822021e-01
-0.000000000000000000e+00
5.614286065101623535e-01
-0.000000000000000000e+00
2.011630535125732422e-01
0.000000000000000000e+00
1.178081482648849487e-01
0.000000000000000000e+00
0.000000000000000000e+00
-6.136510968208312988e-01
-0.000000000000000000e+00
1.870549619197845459e-01
-1.967653334140777588e-01
-2.341488935053348541e-02
0.000000000000000000e+00
1.973310708999633789e-01
-0.000000000000000000e+00
0.000000000000000000e+00
0.000000000000000000e+00
1.463309824466705322e-01
0.000000000000000000e+00
-0.000000000000000000e+00
5.660813674330711365e-02
-0.000000000000000000e+00
-0.000000000000000000e+00
0.000000000000000000e+00
-9.495521187782287598e-01
-0.000000000000000000e+00
-3.830673992633819580e-01
2.894513309001922607e-01
-0.000000000000000000e+00
-0.000000000000000000e+00
9.570453166961669922e-01
-1.140463948249816895e+00
-0.000000000000000000e+00
1.954439878463745117e-01
-7.611636519432067871e-01
-9.153789877891540527e-01
1.803158819675445557e-01
-7.888099551200866699e-01
5.660813674330711365e-02
-1.140463948249816895e+00
-6.495914459228515625e-01
