0.000000000000000000e+00
-0.000000000000000000e+00
0.000000000000000000e+00
-2.505564093589782715e-01
4.354050159454345703e-01
-9.495083242654800415e-02
-4.694551825523376465e-01
-0.000000000000000000e+00
-0.000000000000000000e+00
9.355624020099639893e-02
0.000000000000000000e+00
3.261719644069671631e-01
-1.058129429817199707e+00
-1.927591711282730103e-01
0.000000000000000000e+00
3.227033019065856934e-01
-4.851303398609161377e-01
4.130589962005615234e-01
6.354531645774841309e-01
4.979489743709564209e-01
4.386883080005645752e-01
-8.681992888450622559e-01
-0.000000000000000000e+00
0.000000000000000000e+00
1.596782684326171875e+00
0.000000000000000000e+00
-5.295959711074829102e-01
3.169677853584289551e-01
-0.000000000000000000e+00
-0.000000000000000000e+00
2.048589706420898438e+00
0.000000000000000000e+00
0.000000000000000000e+00
-0.000000000000000000e+00
7.311640977859497070e-01
-6.305979490280151367e-01
-0.000000000000000000e+00
-0.000000000000000000e+00
-3.789761066436767578e-01
-0.000000000000000000e+00
-0.000000000000000000e+00
7.229281663894653320e-01
-0.000000000000000000e+00
1.033465504646301270e+00
-0.000000000000000000e+00
2.069279700517654419e-01
5.754438638687133789e-01
-0.000000000000000000e+00
-4.162768125534057617e-01
0.000000000000000000e+00
-1.743204891681671143e-01
0.000000000000000000e+00
-1.378563165664672852e+00
-0.000000000000000000e+00
-0.000000000000000000e+00
0.000000000000000000e+00
3.017341196537017822e-01
-0.000000000000000000e+00
-5.327054262161254883e-01
-2.165323942899703979e-01
-0.000000000000000000e+00
0.000000000000000000e+00
8.923413753509521484e-01
-4.869894385337829590e-01
0.000000000000000000e+00
0.000000000000000000e+00
-1.335888653993606567e-01
4.754276573657989502e-01
-8.199313282966613770e-01
5.215092375874519348e-02
0.000000000000000000e+00
-9.358133077621459961e-01
-0.000000000000000000e+00
-3.774563549086451530e-03
0.000000000000000000e+00
-0.000000000000000000e+00
5.066978931427001953e-01
1.043997630476951599e-01
0.000000000000000000e+00
-4.579453170299530029e-02
-0.000000000000000000e+00
-2.905862629413604736e-01
0.000000000000000000e+00
3.065526783466339111e-01
-0.000000000000000000e+00
0.000000000000000000e+00
0.000000000000000000e+00
-7.905656695365905762e-01
-0.000000000000000000e+00
1.429443806409835815e-01
-0.000000000000000000e+00
3.860223591327667236e-01
0.000000000000000000e+00
-7.758029550313949585e-02
-0.000000000000000000e+00
9.316600859165191650e-02
-1.921025216579437256e-01
0.000000000000000000e+00
-0.000000000000000000e+00
-4.176369309425354004e-01
7.311640977859497070e-01
-7.758029550313949585e-02
-1.378563165664672852e+00
1.596782684326171875e+00
