-0.000000000000000000e+00
-0.000000000000000000e+00
0.000000000000000000e+00
0.000000000000000000e+00
-0.000000000000000000e+00
0.000000000000000000e+00
-1.845039278268814087e-01
-0.000000000000000000e+00
-0.000000000000000000e+00
0.000000000000000000e+00
0.000000000000000000e+00
0.000000000000000000e+00
-0.000000000000000000e+00
0.000000000000000000e+00
-0.000000000000000000e+00
-0.000000000000000000e+00
0.000000000000000000e+00
-0.000000000000000000e+00
-0.000000000000000000e+00
-0.000000000000000000e+00
0.000000000000000000e+00
2.482810914516448975e-01
0.000000000000000000e+00
-0.000000000000000000e+00
0.000000000000000000e+00
0.000000000000000000e+00
-0.000000000000000000e+00
-0.000000000000000000e+00
-0.000000000000000000e+00
0.000000000000000000e+00
0.000000000000000000e+00
2.382567673921585083e-01
-0.000000000000000000e+00
0.000000000000000000e+00
-0.000000000000000000e+00
0.000000000000000000e+00
0.000000000000000000e+00
0.000000000000000000e+00
-0.000000000000000000e+00
-1.868431866168975830e-01
-0.000000000000000000e+00
-5.731421709060668945e-01
0.000000000000000000e+00
-0.000000000000000000e+00
0.000000000000000000e+00
0.000000000000000000e+00
0.000000000000000000e+00
0.000000000000000000e+00
-2.581938207149505615e-01
3.772526979446411133e-01
2.349032759666442871e-01
0.000000000000000000e+00
0.000000000000000000e+00
3.248561918735504150e-01
-0.000000000000000000e+00
0.000000000000000000e+00
2.584843337535858154e-01
1.203634217381477356e-01
0.000000000000000000e+00
-2.827278710901737213e-02
3.923089504241943359e-01
0.000000000000000000e+00
0.000000000000000000e+00
0.000000000000000000e+00
0.000000000000000000e+00
-0.000000000000000000e+00
-5.221845507621765137e-01
-0.000000000000000000e+00
-0.000000000000000000e+00
5.985094308853149414e-01
0.000000000000000000e+00
0.000000000000000000e+00
0.000000000000000000e+00
-0.000000000000000000e+00
4.598703682422637939e-01
0.000000000000000000e+00
0.000000000000000000e+00
0.000000000000000000e+00
-0.000000000000000000e+00
0.000000000000000000e+00
0.000000000000000000e+00
5.302168726921081543e-01
-0.000000000000000000e+00
-0.000000000000000000e+00
0.000000000000000000e+00
-0.000000000000000000e+00
-0.000000000000000000e+00
-3.012181632220745087e-02
0.000000000000000000e+00
0.000000000000000000e+00
3.249835669994354248e-01
-4.776305854320526123e-01
0.000000000000000000e+00
-2.431567311286926270e-01
-0.000000000000000000e+00
-0.000000000000000000e+00
0.000000000000000000e+00
-0.000000000000000000e+00
-0.000000000000000000e+00
0.000000000000000000e+00
3.249835669994354248e-01
-5.731421709060668945e-01
3.772526979446411133e-01
3.923089504241943359e-01
3.248561918735504150e-01
-2.581938207149505615e-01
-5.221845507621765137e-01
2.584843337535858154e-01
2.382567673921585083e-01
-4.776305854320526123e-01
5.302168726921081543e-01
2.482810914516448975e-01
5.985094308853149414e-01
-1.868431866168975830e-01
2.349032759666442871e-01
4.598703682422637939e-01
