0.000000000000000000e+00
-2.275435924530029297e-01
3.987165391445159912e-01
5.114006996154785156e-01
-0.000000000000000000e+00
1.542550325393676758e-01
-7.335041165351867676e-01
0.000000000000000000e+00
-0.000000000000000000e+00
0.000000000000000000e+00
0.000000000000000000e+00
-3.874069452285766602e-01
-0.000000000000000000e+00
-0.000000000000000000e+00
0.000000000000000000e+00
0.000000000000000000e+00
0.000000000000000000e+00
0.000000000000000000e+00
-4.952876865863800049e-01
1.648778021335601807e-01
-0.000000000000000000e+00
3.097063601016998291e-01
-3.793734610080718994e-01
0.000000000000000000e+00
3.535289168357849121e-01
0.000000000000000000e+00
4.943291097879409790e-02
-4.441727995872497559e-01
0.000000000000000000e+00
-0.000000000000000000e+00
0.000000000000000000e+00
2.680425047874450684e-01
-1.815625727176666260e-01
-0.000000000000000000e+00
0.000000000000000000e+00
0.000000000000000000e+00
0.000000000000000000e+00
-0.000000000000000000e+00
-4.553509950637817383e-01
-0.000000000000000000e+00
0.000000000000000000e+00
-0.000000000000000000e+00
4.253125488758087158e-01
0.000000000000000000e+00
4.706326723098754883e-01
3.421144485473632812e-01
2.388890832662582397e-01
-5.902042388916015625e-01
1.036325395107269287e-01
-7.515748143196105957e-01
-0.000000000000000000e+00
5.539088249206542969e-01
-5.110855698585510254e-01
8.078843951225280762e-01
0.000000000000000000e+00
5.363184213638305664e-01
1.564432084560394287e-01
-5.717795491218566895e-01
-0.000000000000000000e+00
-0.000000000000000000e+00
5.404523611068725586e-01
-4.444985687732696533e-01
6.460809707641601562e-02
-2.915728688240051270e-01
0.000000000000000000e+00
-0.000000000000000000e+00
0.000000000000000000e+00
-4.170883595943450928e-01
-0.000000000000000000e+00
3.431012630462646484e-01
0.000000000000000000e+00
-2.993603348731994629e-01
0.000000000000000000e+00
-0.000000000000000000e+00
-5.241425242274999619e-03
-0.000000000000000000e+00
1.247554063796997070e+00
-1.997101902961730957e+00
-0.000000000000000000e+00
0.000000000000000000e+00
0.000000000000000000e+00
0.000000000000000000e+00
1.177800297737121582e-01
8.078569173812866211e-01
0.000000000000000000e+00
-0.000000000000000000e+00
0.000000000000000000e+00
0.000000000000000000e+00
-0.000000000000000000e+00
-8.050708770751953125e-01
-3.115684166550636292e-02
3.713137507438659668e-01
0.000000000000000000e+00
1.650744229555130005e-01
-5.332638621330261230e-01
1.097694039344787598e+00
-6.253376603126525879e-02
0.000000000000000000e+00
0.000000000000000000e+00
8.265407085418701172e-01
-5.902042388916015625e-01
1.247554063796997070e+00
1.097694039344787598e+00
-4.952876865863800049e-01
-6.253376603126525879e-02
