-0.000000000000000000e+00
2.275760918855667114e-01
-8.203627467155456543e-01
-1.017078042030334473e+00
8.188584446907043457e-01
-2.516621649265289307e-01
0.000000000000000000e+00
-3.782000765204429626e-02
8.609677851200103760e-02
-0.000000000000000000e+00
0.000000000000000000e+00
4.643906950950622559e-01
-0.000000000000000000e+00
-3.243770301342010498e-01
-7.610459625720977783e-02
2.293016761541366577e-01
-0.000000000000000000e+00
-0.000000000000000000e+00
-0.000000000000000000e+00
2.110241949558258057e-01
2.573793530464172363e-01
-6.846317052841186523e-01
-0.000000000000000000e+00
0.000000000000000000e+00
1.528312444686889648e+00
0.000000000000000000e+00
-5.144349932670593262e-01
0.000000000000000000e+00
-0.000000000000000000e+00
0.000000000000000000e+00
2.246506690979003906e+00
-0.000000000000000000e+00
0.000000000000000000e+00
-0.000000000000000000e+00
4.666210114955902100e-01
-3.555258214473724365e-01
-0.000000000000000000e+00
0.000000000000000000e+00
-4.678669571876525879e-01
1.364275440573692322e-02
-0.000000000000000000e+00
6.078854203224182129e-01
-0.000000000000000000e+00
7.675074338912963867e-01
-0.000000000000000000e+00
2.178200483322143555e-01
5.691314339637756348e-01
-0.000000000000000000e+00
-6.615401506423950195e-01
0.000000000000000000e+00
0.000000000000000000e+00
-6.605188846588134766e-01
-4.253372550010681152e-01
-0.000000000000000000e+00
-0.000000000000000000e+00
0.000000000000000000e+00
2.858781814575195312e-01
1.219215020537376404e-01
0.000000000000000000e+00
-4.185031950473785400e-01
-0.000000000000000000e+00
-4.165476560592651367e-01
4.885787963867187500e-01
-5.734629034996032715e-01
-0.000000000000000000e+00
-1.091816350817680359e-01
0.000000000000000000e+00
5.192925333976745605e-01
-7.559805512428283691e-01
-0.000000000000000000e+00
-0.000000000000000000e+00
-7.624288797378540039e-01
-0.000000000000000000e+00
0.000000000000000000e+00
2.847972512245178223e-01
-0.000000000000000000e+00
6.155105829238891602e-01
5.821571946144104004e-01
-0.000000000000000000e+00
0.000000000000000000e+00
-0.000000000000000000e+00
-7.444654591381549835e-03
0.000000000000000000e+00
6.369332671165466309e-01
-0.000000000000000000e+00
0.000000000000000000e+00
0.000000000000000000e+00
-1.227982640266418457e+00
-0.000000000000000000e+00
3.288670778274536133e-01
0.000000000000000000e+00
4.764619171619415283e-01
0.000000000000000000e+00
-7.001522928476333618e-02
-0.000000000000000000e+00
2.386530935764312744e-01
0.000000000000000000e+00
-9.550057351589202881e-02
-4.690269529819488525e-01
-4.642674028873443604e-01
-8.203627467155456543e-01
2.110241949558258057e-01
-1.017078042030334473e+00
-7.001522928476333618e-02
-4.253372550010681152e-01
1.528312444686889648e+00
