0.000000000000000000e+00
4.893373548984527588e-01
-0.000000000000000000e+00
-7.300531268119812012e-01
0.000000000000000000e+00
-0.000000000000000000e+00
-7.307643294334411621e-01
5.294632911682128906e-01
-0.000000000000000000e+00
2.785787582397460938e-01
3.250121176242828369e-01
2.775233387947082520e-01
0.000000000000000000e+00
3.556463122367858887e-01
-0.000000000000000000e+00
0.000000000000000000e+00
-0.000000000000000000e+00
0.000000000000000000e+00
-2.834776043891906738e-01
0.000000000000000000e+00
-0.000000000000000000e+00
3.374630212783813477e-01
6.626546978950500488e-01
-5.909410119056701660e-01
2.005449235439300537e-01
0.000000000000000000e+00
8.551453948020935059e-01
0.000000000000000000e+00
-0.000000000000000000e+00
2.970835864543914795e-01
6.832443177700042725e-02
7.066048979759216309e-01
-3.194033354520797729e-02
-0.000000000000000000e+00
0.000000000000000000e+00
4.697939157485961914e-01
-0.000000000000000000e+00
0.000000000000000000e+00
-1.084388643503189087e-01
-3.991397023200988770e-01
0.000000000000000000e+00
-5.233940482139587402e-01
6.051198244094848633e-01
-5.683751702308654785e-01
-0.000000000000000000e+00
-0.000000000000000000e+00
-0.000000000000000000e+00
1.044527739286422729e-01
-6.876365095376968384e-02
-0.000000000000000000e+00
4.910931289196014404e-01
-2.875745892524719238e-01
3.702676594257354736e-01
1.020365834236145020e+00
-2.423399090766906738e-01
1.007573828101158142e-01
3.503546118736267090e-01
6.160590648651123047e-01
-0.000000000000000000e+00
-0.000000000000000000e+00
5.589925050735473633e-01
0.000000000000000000e+00
-4.681240320205688477e-01
-0.000000000000000000e+00
-0.000000000000000000e+00
7.988623976707458496e-01
0.000000000000000000e+00
0.000000000000000000e+00
-0.000000000000000000e+00
2.186269760131835938e+00
1.287214636802673340e+00
0.000000000000000000e+00
-0.000000000000000000e+00
-2.414302527904510498e-01
5.278757810592651367e-01
-0.000000000000000000e+00
-5.381239056587219238e-01
-0.000000000000000000e+00
0.000000000000000000e+00
4.395162165164947510e-01
-0.000000000000000000e+00
8.722742199897766113e-01
0.000000000000000000e+00
0.000000000000000000e+00
-0.000000000000000000e+00
-4.421063959598541260e-01
2.536960542201995850e-01
-1.331723332405090332e+00
-0.000000000000000000e+00
-0.000000000000000000e+00
2.342108786106109619e-01
0.000000000000000000e+00
2.474462985992431641e-01
-0.000000000000000000e+00
1.571367532014846802e-01
-2.646124176681041718e-02
0.000000000000000000e+00
0.000000000000000000e+00
-2.794858515262603760e-01
-0.000000000000000000e+00
1.571367532014846802e-01
8.722742199897766113e-01
7.988623976707458496e-01
4.893373548984527588e-01
-6.876365095376968384e-02
1.287214636802673340e+00
