-0.000000000000000000e+00
0.000000000000000000e+00
-7.733622193336486816e-01
-0.000000000000000000e+00
0.000000000000000000e+00
-0.000000000000000000e+00
0.000000000000000000e+00
0.000000000000000000e+00
0.000000000000000000e+00
4.430554509162902832e-01
-0.000000000000000000e+00
-0.000000000000000000e+00
-0.000000000000000000e+00
0.000000000000000000e+00
-5.400906801223754883e-01
-0.000000000000000000e+00
0.000000000000000000e+00
0.000000000000000000e+00
0.000000000000000000e+00
-5.678390264511108398e-01
0.000000000000000000e+00
0.000000000000000000e+00
0.000000000000000000e+00
-0.000000000000000000e+00
3.192186355590820312e-01
0.000000000000000000e+00
0.000000000000000000e+00
0.000000000000000000e+00
0.000000000000000000e+00
-0.000000000000000000e+00
0.000000000000000000e+00
0.000000000000000000e+00
0.000000000000000000e+00
-2.992092370986938477e-01
1.918190568685531616e-01
0.000000000000000000e+00
0.000000000000000000e+00
-0.000000000000000000e+00
2.744703888893127441e-01
0.000000000000000000e+00
0.000000000000000000e+00
0.000000000000000000e+00
2.549154460430145264e-01
0.000000000000000000e+00
-0.000000000000000000e+00
-0.000000000000000000e+00
0.000000000000000000e+00
-0.000000000000000000e+00
0.000000000000000000e+00
0.000000000000000000e+00
-1.224193498492240906e-01
-0.000000000000000000e+00
-0.000000000000000000e+00
0.000000000000000000e+00
0.000000000000000000e+00
-1.434063017368316650e-01
0.000000000000000000e+00
0.000000000000000000e+00
-0.000000000000000000e+00
-0.000000000000000000e+00
-0.000000000000000000e+00
-0.000000000000000000e+00
2.970231771469116211e-01
0.000000000000000000e+00
-0.000000000000000000e+00
0.000000000000000000e+00
-0.000000000000000000e+00
-0.000000000000000000e+00
0.000000000000000000e+00
0.000000000000000000e+00
-0.000000000000000000e+00
-0.000000000000000000e+00
0.000000000000000000e+00
0.000000000000000000e+00
-4.627323150634765625e-01
0.000000000000000000e+00
-0.000000000000000000e+00
0.000000000000000000e+00
-6.256241798400878906e-01
0.000000000000000000e+00
0.000000000000000000e+00
-4.204788804054260254e-01
0.000000000000000000e+00
-1.273959130048751831e-01
-0.000000000000000000e+00
-0.000000000000000000e+00
-0.000000000000000000e+00
-0.000000000000000000e+00
7.102902978658676147e-03
-0.000000000000000000e+00
0.000000000000000000e+00
0.000000000000000000e+00
-0.000000000000000000e+00
-0.000000000000000000e+00
-0.000000000000000000e+00
-2.210067957639694214e-01
-0.000000000000000000e+00
-0.000000000000000000e+00
0.000000000000000000e+00
0.000000000000000000e+00
-1.273959130048751831e-01
-5.400906801223754883e-01
-7.733622193336486816e-01
-2.992092370986938477e-01
2.549154460430145264e-01
4.430554509162902832e-01
-5.678390264511108398e-01
-4.627323150634765625e-01
2.970231771469116211e-01
3.192186355590820312e-01
1.918190568685531616e-01
-4.204788804054260254e-01
-6.256241798400878906e-01
2.744703888893127441e-01
-1.224193498492240906e-01
-2.210067957639694214e-01
