-3.028426170349121094e-01
-0.000000000000000000e+00
-3.246290087699890137e-01
-1.016317605972290039e+00
8.814496397972106934e-01
0.000000000000000000e+00
-3.211564719676971436e-01
-0.000000000000000000e+00
2.187683433294296265e-01
2.964818179607391357e-01
0.000000000000000000e+00
4.492008686065673828e-01
0.000000000000000000e+00
0.000000000000000000e+00
-1.825958192348480225e-01
2.834902405738830566e-01
-0.000000000000000000e+00
5.937551856040954590e-01
0.000000000000000000e+00
4.974958002567291260e-01
4.789439737796783447e-01
-9.893374443054199219e-01
-0.000000000000000000e+00
0.000000000000000000e+00
1.368362069129943848e+00
-5.691535025835037231e-02
-2.756344974040985107e-01
0.000000000000000000e+00
0.000000000000000000e+00
0.000000000000000000e+00
2.480748891830444336e+00
0.000000000000000000e+00
-1.010964885354042053e-01
-0.000000000000000000e+00
7.288416028022766113e-01
-5.247548222541809082e-01
-0.000000000000000000e+00
0.000000000000000000e+00
-4.901204705238342285e-01
6.501755714416503906e-01
-0.000000000000000000e+00
1.010754704475402832e+00
3.045478090643882751e-02
7.456223964691162109e-01
-0.000000000000000000e+00
2.013010829687118530e-01
-0.000000000000000000e+00
-0.000000000000000000e+00
-2.493422478437423706e-01
-3.866367638111114502e-01
0.000000000000000000e+00
-9.343250989913940430e-01
-3.921657502651214600e-01
-0.000000000000000000e+00
-0.000000000000000000e+00
6.027886867523193359e-01
2.830333113670349121e-01
-0.000000000000000000e+00
-2.320270389318466187e-01
-3.702015280723571777e-01
3.300994336605072021e-01
-2.415023595094680786e-01
5.705679059028625488e-01
-5.525615811347961426e-01
0.000000000000000000e+00
-1.673880666494369507e-01
-2.667245864868164062e-01
4.060185551643371582e-01
-9.764660596847534180e-01
-0.000000000000000000e+00
-0.000000000000000000e+00
-1.588763892650604248e-01
-0.000000000000000000e+00
0.000000000000000000e+00
2.938016057014465332e-01
2.211035192012786865e-01
1.749196834862232208e-02
-0.000000000000000000e+00
-8.776829391717910767e-02
0.000000000000000000e+00
-0.000000000000000000e+00
-3.395848870277404785e-01
-0.000000000000000000e+00
-0.000000000000000000e+00
5.354955196380615234e-01
0.000000000000000000e+00
0.000000000000000000e+00
-1.131772637367248535e+00
-0.000000000000000000e+00
3.087597787380218506e-01
0.000000000000000000e+00
7.350830435752868652e-01
-1.925688534975051880e-01
-6.856933236122131348e-02
-0.000000000000000000e+00
2.910077273845672607e-01
0.000000000000000000e+00
0.000000000000000000e+00
0.000000000000000000e+00
-7.078250050544738770e-01
-1.016317605972290039e+00
-6.856933236122131348e-02
-3.921657502651214600e-01
7.288416028022766113e-01
1.368362069129943848e+00
