-0.000000000000000000e+00
5.798241496086120605e-01
0.000000000000000000e+00
-9.560244679450988770e-01
-0.000000000000000000e+00
0.000000000000000000e+00
-6.867942810058593750e-01
0.000000000000000000e+00
-0.000000000000000000e+00
2.291000038385391235e-01
0.000000000000000000e+00
0.000000000000000000e+00
-3.661366105079650879e-01
0.000000000000000000e+00
-0.000000000000000000e+00
-0.000000000000000000e+00
0.000000000000000000e+00
-0.000000000000000000e+00
-0.000000000000000000e+00
6.961515545845031738e-01
0.000000000000000000e+00
4.147761166095733643e-01
2.673042714595794678e-01
-0.000000000000000000e+00
0.000000000000000000e+00
0.000000000000000000e+00
2.132402211427688599e-01
-0.000000000000000000e+00
-3.145128488540649414e-01
0.000000000000000000e+00
2.658021152019500732e-01
6.985566616058349609e-01
-0.000000000000000000e+00
0.000000000000000000e+00
-0.000000000000000000e+00
0.000000000000000000e+00
0.000000000000000000e+00
0.000000000000000000e+00
-0.000000000000000000e+00
-3.011661171913146973e-01
-0.000000000000000000e+00
-6.898223757743835449e-01
0.000000000000000000e+00
-6.393215656280517578e-01
0.000000000000000000e+00
5.403783917427062988e-01
0.000000000000000000e+00
0.000000000000000000e+00
-6.220757961273193359e-02
3.037594258785247803e-01
1.695047467947006226e-01
-8.354062438011169434e-01
2.702787816524505615e-01
1.017336845397949219e+00
-5.358554124832153320e-01
0.000000000000000000e+00
2.320218682289123535e-01
7.028732895851135254e-01
-0.000000000000000000e+00
-0.000000000000000000e+00
4.322689175605773926e-01
0.000000000000000000e+00
-4.682350158691406250e-01
0.000000000000000000e+00
0.000000000000000000e+00
0.000000000000000000e+00
-5.072870850563049316e-01
-0.000000000000000000e+00
-0.000000000000000000e+00
1.464175224304199219e+00
9.084525108337402344e-01
2.955447435379028320e-01
0.000000000000000000e+00
-0.000000000000000000e+00
6.641148328781127930e-01
7.906388640403747559e-01
-0.000000000000000000e+00
0.000000000000000000e+00
-0.000000000000000000e+00
0.000000000000000000e+00
0.000000000000000000e+00
8.962593674659729004e-01
-0.000000000000000000e+00
-0.000000000000000000e+00
0.000000000000000000e+00
0.000000000000000000e+00
-2.642685174942016602e-01
-1.005130529403686523e+00
0.000000000000000000e+00
-0.000000000000000000e+00
5.911871790885925293e-01
-0.000000000000000000e+00
6.405684351921081543e-01
-4.903344213962554932e-01
0.000000000000000000e+00
-3.410350903868675232e-02
4.487949907779693604e-01
-0.000000000000000000e+00
-0.000000000000000000e+00
-0.000000000000000000e+00
9.084525108337402344e-01
8.962593674659729004e-01
5.798241496086120605e-01
6.641148328781127930e-01
5.403783917427062988e-01
-6.220757961273193359e-02
