-3.071536123752593994e-01
3.375484645366668701e-01
0.000000000000000000e+00
0.000000000000000000e+00
-0.000000000000000000e+00
0.000000000000000000e+00
-1.986465305089950562e-01
-0.000000000000000000e+00
0.000000000000000000e+00
0.000000000000000000e+00
0.000000000000000000e+00
0.000000000000000000e+00
-0.000000000000000000e+00
9.122290462255477905e-02
-0.000000000000000000e+00
-0.000000000000000000e+00
0.000000000000000000e+00
-0.000000000000000000e+00
-0.000000000000000000e+00
0.000000000000000000e+00
0.000000000000000000e+00
2.311230152845382690e-01
0.000000000000000000e+00
-0.000000000000000000e+00
0.000000000000000000e+00
0.000000000000000000e+00
-0.000000000000000000e+00
-0.000000000000000000e+00
-0.000000000000000000e+00
0.000000000000000000e+00
0.000000000000000000e+00
2.451769113540649414e-01
-0.000000000000000000e+00
0.000000000000000000e+00
-0.000000000000000000e+00
0.000000000000000000e+00
0.000000000000000000e+00
0.000000000000000000e+00
-0.000000000000000000e+00
-1.848358362913131714e-01
-0.000000000000000000e+00
-7.584443092346191406e-01
0.000000000000000000e+00
-0.000000000000000000e+00
0.000000000000000000e+00
0.000000000000000000e+00
0.000000000000000000e+00
0.000000000000000000e+00
-2.586872875690460205e-01
3.164369240403175354e-02
2.409648448228836060e-01
0.000000000000000000e+00
0.000000000000000000e+00
2.544232904911041260e-01
-0.000000000000000000e+00
0.000000000000000000e+00
2.695137560367584229e-01
9.081158041954040527e-02
0.000000000000000000e+00
-0.000000000000000000e+00
3.261481523513793945e-01
0.000000000000000000e+00
0.000000000000000000e+00
0.000000000000000000e+00
0.000000000000000000e+00
-0.000000000000000000e+00
-0.000000000000000000e+00
-0.000000000000000000e+00
-0.000000000000000000e+00
5.553371310234069824e-01
-0.000000000000000000e+00
0.000000000000000000e+00
0.000000000000000000e+00
-0.000000000000000000e+00
4.423017799854278564e-01
0.000000000000000000e+00
-4.346004426479339600e-01
-0.000000000000000000e+00
-0.000000000000000000e+00
0.000000000000000000e+00
0.000000000000000000e+00
4.704248309135437012e-01
-0.000000000000000000e+00
-0.000000000000000000e+00
0.000000000000000000e+00
-4.697703719139099121e-01
0.000000000000000000e+00
-0.000000000000000000e+00
0.000000000000000000e+00
0.000000000000000000e+00
0.000000000000000000e+00
-0.000000000000000000e+00
0.000000000000000000e+00
-2.460507452487945557e-01
0.000000000000000000e+00
-0.000000000000000000e+00
0.000000000000000000e+00
-0.000000000000000000e+00
-0.000000000000000000e+00
-0.000000000000000000e+00
3.375484645366668701e-01
2.311230152845382690e-01
2.451769113540649414e-01
-7.584443092346191406e-01
-4.346004426479339600e-01
3.261481523513793945e-01
-3.071536123752593994e-01
2.544232904911041260e-01
2.695137560367584229e-01
-2.586872875690460205e-01
4.704248309135437012e-01
-4.697703719139099121e-01
4.423017799854278564e-01
-1.848358362913131714e-01
2.409648448228836060e-01
5.553371310234069824e-01
