4.626054465770721436e-01
-0.000000000000000000e+00
0.000000000000000000e+00
0.000000000000000000e+00
-0.000000000000000000e+00
0.000000000000000000e+00
-2.065156400203704834e-01
-0.000000000000000000e+00
-0.000000000000000000e+00
8.430091738700866699e-01
0.000000000000000000e+00
0.000000000000000000e+00
0.000000000000000000e+00
-0.000000000000000000e+00
-3.555939495563507080e-01
0.000000000000000000e+00
-0.000000000000000000e+00
-0.000000000000000000e+00
-7.572864890098571777e-01
0.000000000000000000e+00
-0.000000000000000000e+00
0.000000000000000000e+00
-0.000000000000000000e+00
0.000000000000000000e+00
-0.000000000000000000e+00
-0.000000000000000000e+00
-0.000000000000000000e+00
-0.000000000000000000e+00
0.000000000000000000e+00
0.000000000000000000e+00
-0.000000000000000000e+00
-0.000000000000000000e+00
-0.000000000000000000e+00
0.000000000000000000e+00
2.193540781736373901e-01
-0.000000000000000000e+00
-0.000000000000000000e+00
0.000000000000000000e+00
2.175795435905456543e-01
-0.000000000000000000e+00
-0.000000000000000000e+00
-0.000000000000000000e+00
3.016878962516784668e-01
-0.000000000000000000e+00
-1.692316234111785889e-01
0.000000000000000000e+00
-0.000000000000000000e+00
0.000000000000000000e+00
2.613417506217956543e-01
-0.000000000000000000e+00
-5.164233967661857605e-02
2.686770260334014893e-01
0.000000000000000000e+00
-0.000000000000000000e+00
-0.000000000000000000e+00
-2.251539081335067749e-01
-0.000000000000000000e+00
-0.000000000000000000e+00
0.000000000000000000e+00
0.000000000000000000e+00
-1.947714686393737793e-01
0.000000000000000000e+00
-0.000000000000000000e+00
-0.000000000000000000e+00
0.000000000000000000e+00
0.000000000000000000e+00
-0.000000000000000000e+00
-1.543302685022354126e-01
-0.000000000000000000e+00
-0.000000000000000000e+00
-0.000000000000000000e+00
0.000000000000000000e+00
-0.000000000000000000e+00
-0.000000000000000000e+00
0.000000000000000000e+00
-0.000000000000000000e+00
0.000000000000000000e+00
-0.000000000000000000e+00
-5.869155526161193848e-01
0.000000000000000000e+00
-0.000000000000000000e+00
-0.000000000000000000e+00
-0.000000000000000000e+00
-0.000000000000000000e+00
0.000000000000000000e+00
0.000000000000000000e+00
-2.956781685352325439e-01
-4.703002274036407471e-01
-0.000000000000000000e+00
-2.183395028114318848e-01
-0.000000000000000000e+00
-0.000000000000000000e+00
0.000000000000000000e+00
0.000000000000000000e+00
-0.000000000000000000e+00
0.000000000000000000e+00
-2.423676997423171997e-01
-0.000000000000000000e+00
-0.000000000000000000e+00
-0.000000000000000000e+00
8.430091738700866699e-01
-7.572864890098571777e-01
-2.956781685352325439e-01
-1.543302685022354126e-01
-4.703002274036407471e-01
4.626054465770721436e-01
2.686770260334014893e-01
2.613417506217956543e-01
-5.869155526161193848e-01
2.193540781736373901e-01
-1.947714686393737793e-01
3.016878962516784668e-01
-1.692316234111785889e-01
-2.183395028114318848e-01
-2.065156400203704834e-01
-5.164233967661857605e-02
-3.555939495563507080e-01
