-0.000000000000000000e+00
-0.000000000000000000e+00
-2.284270524978637695e-01
0.000000000000000000e+00
-0.000000000000000000e+00
0.000000000000000000e+00
-1.966280192136764526e-01
-0.000000000000000000e+00
-0.000000000000000000e+00
-0.000000000000000000e+00
0.000000000000000000e+00
0.000000000000000000e+00
0.000000000000000000e+00
-0.000000000000000000e+00
-3.356978893280029297e-01
0.000000000000000000e+00
-0.000000000000000000e+00
-0.000000000000000000e+00
-7.197496294975280762e-01
0.000000000000000000e+00
-0.000000000000000000e+00
-0.000000000000000000e+00
-0.000000000000000000e+00
0.000000000000000000e+00
-0.000000000000000000e+00
-0.000000000000000000e+00
-0.000000000000000000e+00
-0.000000000000000000e+00
0.000000000000000000e+00
0.000000000000000000e+00
-0.000000000000000000e+00
-0.000000000000000000e+00
-0.000000000000000000e+00
0.000000000000000000e+00
2.622173726558685303e-01
-0.000000000000000000e+00
6.468533277511596680e-01
0.000000000000000000e+00
2.297965139150619507e-01
-0.000000000000000000e+00
0.000000000000000000e+00
-0.000000000000000000e+00
2.794017493724822998e-01
0.000000000000000000e+00
0.000000000000000000e+00
0.000000000000000000e+00
-0.000000000000000000e+00
0.000000000000000000e+00
-0.000000000000000000e+00
-0.000000000000000000e+00
-1.969873160123825073e-01
1.042890399694442749e-01
-0.000000000000000000e+00
0.000000000000000000e+00
-0.000000000000000000e+00
0.000000000000000000e+00
-0.000000000000000000e+00
-0.000000000000000000e+00
0.000000000000000000e+00
0.000000000000000000e+00
-0.000000000000000000e+00
0.000000000000000000e+00
-0.000000000000000000e+00
2.623723447322845459e-01
0.000000000000000000e+00
-0.000000000000000000e+00
0.000000000000000000e+00
0.000000000000000000e+00
-0.000000000000000000e+00
-0.000000000000000000e+00
-0.000000000000000000e+00
0.000000000000000000e+00
-0.000000000000000000e+00
-0.000000000000000000e+00
-4.826389849185943604e-01
-0.000000000000000000e+00
0.000000000000000000e+00
-0.000000000000000000e+00
-6.159008145332336426e-01
-0.000000000000000000e+00
-0.000000000000000000e+00
-1.962647140026092529e-01
-0.000000000000000000e+00
0.000000000000000000e+00
0.000000000000000000e+00
0.000000000000000000e+00
-2.956439852714538574e-01
-6.151637434959411621e-01
4.934060871601104736e-01
-2.447134107351303101e-01
-0.000000000000000000e+00
-0.000000000000000000e+00
0.000000000000000000e+00
0.000000000000000000e+00
-0.000000000000000000e+00
0.000000000000000000e+00
-2.388857156038284302e-01
-0.000000000000000000e+00
-0.000000000000000000e+00
-0.000000000000000000e+00
-2.447134107351303101e-01
6.468533277511596680e-01
4.934060871601104736e-01
-2.956439852714538574e-01
-1.966280192136764526e-01
-6.159008145332336426e-01
2.623723447322845459e-01
2.794017493724822998e-01
-1.962647140026092529e-01
2.622173726558685303e-01
-3.356978893280029297e-01
-2.284270524978637695e-01
-4.826389849185943604e-01
-6.151637434959411621e-01
-7.197496294975280762e-01
