0.000000000000000000e+00
-0.000000000000000000e+00
-3.275807946920394897e-02
-1.485949635505676270e+00
0.000000000000000000e+00
0.000000000000000000e+00
-5.071873068809509277e-01
0.000000000000000000e+00
-0.000000000000000000e+00
1.363561749458312988e-01
-3.452268838882446289e-01
2.502864897251129150e-01
-3.653603494167327881e-01
0.000000000000000000e+00
0.000000000000000000e+00
5.226899981498718262e-01
-9.881318211555480957e-01
4.282758533954620361e-01
2.093209177255630493e-01
4.944300651550292969e-01
5.395268201828002930e-01
-1.018807530403137207e+00
-0.000000000000000000e+00
0.000000000000000000e+00
1.457817077636718750e+00
0.000000000000000000e+00
-4.162488281726837158e-01
0.000000000000000000e+00
1.445012688636779785e-01
-0.000000000000000000e+00
2.161738634109497070e+00
-3.077874332666397095e-02
0.000000000000000000e+00
-0.000000000000000000e+00
0.000000000000000000e+00
-2.139680236577987671e-01
3.431822061538696289e-01
-0.000000000000000000e+00
-4.747685194015502930e-01
-0.000000000000000000e+00
-0.000000000000000000e+00
7.371559143066406250e-01
-0.000000000000000000e+00
7.554956078529357910e-01
-0.000000000000000000e+00
7.873890548944473267e-02
1.215857490897178650e-01
-0.000000000000000000e+00
-4.195079803466796875e-01
-2.338575944304466248e-02
0.000000000000000000e+00
-0.000000000000000000e+00
0.000000000000000000e+00
-0.000000000000000000e+00
-0.000000000000000000e+00
0.000000000000000000e+00
3.148701190948486328e-01
8.637976646423339844e-02
0.000000000000000000e+00
-6.321303248405456543e-01
5.367182493209838867e-01
-3.444674015045166016e-01
9.334324002265930176e-01
-4.413618743419647217e-01
0.000000000000000000e+00
0.000000000000000000e+00
0.000000000000000000e+00
5.192368626594543457e-01
-8.254745006561279297e-01
0.000000000000000000e+00
-0.000000000000000000e+00
-9.891605377197265625e-01
5.313969850540161133e-01
-1.968704760074615479e-01
2.393291294574737549e-01
0.000000000000000000e+00
3.156303763389587402e-01
2.466351687908172607e-01
-1.995071470737457275e-01
0.000000000000000000e+00
-0.000000000000000000e+00
-5.136553645133972168e-01
0.000000000000000000e+00
-0.000000000000000000e+00
-0.000000000000000000e+00
0.000000000000000000e+00
0.000000000000000000e+00
-1.021877646446228027e+00
-0.000000000000000000e+00
-0.000000000000000000e+00
-0.000000000000000000e+00
7.693074941635131836e-01
-1.834689229726791382e-01
-6.533913314342498779e-02
-0.000000000000000000e+00
1.338350400328636169e-02
0.000000000000000000e+00
0.000000000000000000e+00
-7.584596872329711914e-01
-6.622894406318664551e-01
-1.485949635505676270e+00
5.313969850540161133e-01
-3.444674015045166016e-01
-6.533913314342498779e-02
1.457817077636718750e+00
