0.000000000000000000e+00
-0.000000000000000000e+00
0.000000000000000000e+00
-1.029635667800903320e+00
1.618604302406311035e+00
0.000000000000000000e+00
0.000000000000000000e+00
-0.000000000000000000e+00
-0.000000000000000000e+00
1.850900352001190186e-01
0.000000000000000000e+00
5.951071977615356445e-01
-8.172228932380676270e-01
0.000000000000000000e+00
-4.908743798732757568e-01
4.324379265308380127e-01
-9.521983265876770020e-01
6.708868145942687988e-01
6.342515349388122559e-01
4.770033955574035645e-01
0.000000000000000000e+00
-2.052989602088928223e-01
-0.000000000000000000e+00
0.000000000000000000e+00
1.844043731689453125e+00
0.000000000000000000e+00
-7.936368882656097412e-02
0.000000000000000000e+00
-0.000000000000000000e+00
-0.000000000000000000e+00
1.957758665084838867e+00
-0.000000000000000000e+00
0.000000000000000000e+00
-0.000000000000000000e+00
7.195279598236083984e-01
-2.642811536788940430e-01
1.816497892141342163e-01
0.000000000000000000e+00
-5.065903663635253906e-01
8.723617196083068848e-01
-0.000000000000000000e+00
7.648519277572631836e-01
-0.000000000000000000e+00
1.900627315044403076e-01
7.685922831296920776e-02
1.184785440564155579e-01
-0.000000000000000000e+00
-0.000000000000000000e+00
-2.509158253669738770e-01
-1.261880099773406982e-01
-2.424219101667404175e-01
-7.707605957984924316e-01
0.000000000000000000e+00
-0.000000000000000000e+00
-0.000000000000000000e+00
1.082622930407524109e-01
8.619558811187744141e-02
3.146142140030860901e-02
-2.931365370750427246e-01
-3.819052875041961670e-01
4.100891649723052979e-01
-0.000000000000000000e+00
5.377746820449829102e-01
-5.623242855072021484e-01
0.000000000000000000e+00
0.000000000000000000e+00
-3.323215246200561523e-01
4.160766899585723877e-01
-9.098156690597534180e-01
2.511238753795623779e-01
0.000000000000000000e+00
-0.000000000000000000e+00
-0.000000000000000000e+00
0.000000000000000000e+00
0.000000000000000000e+00
-0.000000000000000000e+00
-0.000000000000000000e+00
5.383968353271484375e-01
-0.000000000000000000e+00
-8.136940002441406250e-02
-0.000000000000000000e+00
-5.446640849113464355e-01
0.000000000000000000e+00
-0.000000000000000000e+00
-0.000000000000000000e+00
0.000000000000000000e+00
0.000000000000000000e+00
-6.553995609283447266e-01
-0.000000000000000000e+00
-0.000000000000000000e+00
-0.000000000000000000e+00
1.534235328435897827e-01
0.000000000000000000e+00
-6.585014611482620239e-02
-0.000000000000000000e+00
3.446979820728302002e-01
0.000000000000000000e+00
0.000000000000000000e+00
-7.627003192901611328e-01
-5.663285255432128906e-01
7.195279598236083984e-01
-6.585014611482620239e-02
1.844043731689453125e+00
-1.029635667800903320e+00
