0.000000000000000000e+00
-0.000000000000000000e+00
-4.144645333290100098e-01
-1.677738308906555176e+00
3.870337903499603271e-01
-3.127106279134750366e-02
-5.347566604614257812e-01
-0.000000000000000000e+00
-0.000000000000000000e+00
1.413981616497039795e-01
0.000000000000000000e+00
5.153832435607910156e-01
-7.738652825355529785e-01
-0.000000000000000000e+00
-2.519032061100006104e-01
-0.000000000000000000e+00
-1.004361629486083984e+00
2.771099507808685303e-01
0.000000000000000000e+00
5.284000039100646973e-01
4.304286539554595947e-01
-8.705860972404479980e-01
-0.000000000000000000e+00
0.000000000000000000e+00
1.196257233619689941e+00
0.000000000000000000e+00
-2.174700796604156494e-01
9.941863268613815308e-02
-0.000000000000000000e+00
-0.000000000000000000e+00
2.232080221176147461e+00
-0.000000000000000000e+00
-7.648462802171707153e-02
-0.000000000000000000e+00
-0.000000000000000000e+00
-3.629887104034423828e-01
2.932317554950714111e-01
-0.000000000000000000e+00
-5.120212435722351074e-01
-0.000000000000000000e+00
-0.000000000000000000e+00
6.589849591255187988e-01
5.727944970130920410e-01
7.344270944595336914e-01
-0.000000000000000000e+00
2.424420267343521118e-01
-0.000000000000000000e+00
-0.000000000000000000e+00
-1.529207676649093628e-01
-2.573350369930267334e-01
-2.582468390464782715e-01
-3.028956353664398193e-01
-3.787723183631896973e-01
8.905166760087013245e-03
-0.000000000000000000e+00
0.000000000000000000e+00
4.318792223930358887e-01
2.517580091953277588e-01
-1.103697121143341064e-01
-4.049687385559082031e-01
-0.000000000000000000e+00
-4.164302349090576172e-01
7.259275913238525391e-01
-4.268084466457366943e-01
0.000000000000000000e+00
-3.436708450317382812e-01
0.000000000000000000e+00
4.534544646739959717e-01
-9.009796977043151855e-01
1.271784752607345581e-01
8.599586486816406250e-01
-4.862130880355834961e-01
-0.000000000000000000e+00
0.000000000000000000e+00
-0.000000000000000000e+00
-0.000000000000000000e+00
7.483037114143371582e-01
4.459165632724761963e-01
0.000000000000000000e+00
0.000000000000000000e+00
-0.000000000000000000e+00
-3.513764739036560059e-01
-0.000000000000000000e+00
5.324413776397705078e-01
-0.000000000000000000e+00
0.000000000000000000e+00
0.000000000000000000e+00
-8.646732568740844727e-01
-0.000000000000000000e+00
-0.000000000000000000e+00
-0.000000000000000000e+00
5.192825794219970703e-01
0.000000000000000000e+00
-6.230922043323516846e-02
-0.000000000000000000e+00
2.018617540597915649e-01
0.000000000000000000e+00
0.000000000000000000e+00
-5.371063351631164551e-01
-4.762254357337951660e-01
-4.164302349090576172e-01
1.196257233619689941e+00
-1.677738308906555176e+00
-6.230922043323516846e-02
-1.004361629486083984e+00
