-2.101520001888275146e-01
-8.221957087516784668e-01
-0.000000000000000000e+00
7.015268206596374512e-01
-0.000000000000000000e+00
5.272594094276428223e-01
0.000000000000000000e+00
-4.161515831947326660e-01
-0.000000000000000000e+00
-0.000000000000000000e+00
5.768415331840515137e-01
-0.000000000000000000e+00
-2.804127037525177002e-01
-0.000000000000000000e+00
-0.000000000000000000e+00
-0.000000000000000000e+00
4.437408447265625000e-01
7.648254632949829102e-01
7.388508319854736328e-01
-4.595070183277130127e-01
3.307643830776214600e-01
8.778043985366821289e-01
0.000000000000000000e+00
3.060991168022155762e-01
-0.000000000000000000e+00
-1.481238842010498047e+00
-0.000000000000000000e+00
-8.956738710403442383e-01
0.000000000000000000e+00
-1.099927663803100586e+00
-0.000000000000000000e+00
4.515115320682525635e-01
0.000000000000000000e+00
0.000000000000000000e+00
-1.172641515731811523e-01
5.133718252182006836e-01
-1.503928184509277344e+00
0.000000000000000000e+00
-0.000000000000000000e+00
-1.916862726211547852e-01
-0.000000000000000000e+00
-0.000000000000000000e+00
1.800546795129776001e-01
1.070819258689880371e+00
0.000000000000000000e+00
2.409589588642120361e-01
2.542789280414581299e-01
0.000000000000000000e+00
4.908807873725891113e-01
1.789390742778778076e-01
-0.000000000000000000e+00
-0.000000000000000000e+00
-1.417678594589233398e-01
3.222329914569854736e-02
-1.127443194389343262e+00
0.000000000000000000e+00
-2.554385662078857422e-01
0.000000000000000000e+00
0.000000000000000000e+00
-0.000000000000000000e+00
-2.624391019344329834e-01
0.000000000000000000e+00
-0.000000000000000000e+00
3.171327710151672363e-01
3.079715669155120850e-01
6.194519400596618652e-01
-0.000000000000000000e+00
1.792176216840744019e-01
1.035811193287372589e-02
7.974861562252044678e-02
0.000000000000000000e+00
0.000000000000000000e+00
0.000000000000000000e+00
-0.000000000000000000e+00
7.951678633689880371e-01
-2.344035804271697998e-01
-0.000000000000000000e+00
-0.000000000000000000e+00
2.732950150966644287e-01
-8.474849462509155273e-01
3.251003026962280273e-01
0.000000000000000000e+00
0.000000000000000000e+00
0.000000000000000000e+00
-3.115057572722434998e-02
6.963112205266952515e-02
-5.329705774784088135e-02
-0.000000000000000000e+00
0.000000000000000000e+00
-8.141505122184753418e-01
-0.000000000000000000e+00
-3.259389996528625488e-01
9.879539906978607178e-02
-0.000000000000000000e+00
-0.000000000000000000e+00
1.154682397842407227e+00
-0.000000000000000000e+00
-0.000000000000000000e+00
3.320425748825073242e-01
-3.429263830184936523e-01
-1.503928184509277344e+00
6.963112205266952515e-02
-1.127443194389343262e+00
-1.099927663803100586e+00
