0.000000000000000000e+00
0.000000000000000000e+00
6.275101900100708008e-01
-0.000000000000000000e+00
-0.000000000000000000e+00
3.015302121639251709e-01
-1.004121661186218262e+00
0.000000000000000000e+00
4.881656765937805176e-01
0.000000000000000000e+00
0.000000000000000000e+00
-2.794309556484222412e-01
-0.000000000000000000e+00
0.000000000000000000e+00
0.000000000000000000e+00
-2.342350929975509644e-01
-3.410911262035369873e-01
-1.108906149864196777e+00
0.000000000000000000e+00
2.137788981199264526e-01
-0.000000000000000000e+00
3.330994844436645508e-01
-7.310498505830764771e-02
0.000000000000000000e+00
4.121105968952178955e-01
0.000000000000000000e+00
1.300308555364608765e-01
-5.413597822189331055e-01
0.000000000000000000e+00
9.555353783071041107e-03
-6.403838992118835449e-01
6.497078537940979004e-01
-8.910516500473022461e-01
5.646479725837707520e-01
0.000000000000000000e+00
0.000000000000000000e+00
-6.921202689409255981e-02
-0.000000000000000000e+00
-0.000000000000000000e+00
-0.000000000000000000e+00
0.000000000000000000e+00
1.008114367723464966e-01
4.303065836429595947e-01
-8.345113396644592285e-01
-0.000000000000000000e+00
-0.000000000000000000e+00
3.046921193599700928e-01
0.000000000000000000e+00
6.833396553993225098e-01
-8.752496838569641113e-01
-1.688990369439125061e-02
8.946471214294433594e-01
-5.045288205146789551e-01
3.738416731357574463e-01
0.000000000000000000e+00
5.484270453453063965e-01
1.604375243186950684e-01
-4.001211822032928467e-01
-0.000000000000000000e+00
0.000000000000000000e+00
4.319775402545928955e-01
-4.746671915054321289e-01
1.398743093013763428e-01
0.000000000000000000e+00
0.000000000000000000e+00
2.529886066913604736e-01
-1.976982057094573975e-01
0.000000000000000000e+00
2.369517385959625244e-01
3.315084874629974365e-01
-0.000000000000000000e+00
-4.072140753269195557e-01
2.712397873401641846e-01
0.000000000000000000e+00
-3.761413693428039551e-01
-0.000000000000000000e+00
1.272684097290039062e+00
-2.376193523406982422e+00
-0.000000000000000000e+00
-1.867183148860931396e-01
0.000000000000000000e+00
0.000000000000000000e+00
8.257609009742736816e-01
7.509594559669494629e-01
-1.754490435123443604e-01
-0.000000000000000000e+00
5.259041190147399902e-01
0.000000000000000000e+00
-2.982322275638580322e-01
-1.207792311906814575e-01
0.000000000000000000e+00
-0.000000000000000000e+00
0.000000000000000000e+00
-0.000000000000000000e+00
-3.481285870075225830e-01
0.000000000000000000e+00
-6.585945188999176025e-02
0.000000000000000000e+00
-2.419958114624023438e-01
3.361591398715972900e-01
-5.045288205146789551e-01
-1.108906149864196777e+00
-6.403838992118835449e-01
-6.585945188999176025e-02
1.272684097290039062e+00
