0.000000000000000000e+00
0.000000000000000000e+00
0.000000000000000000e+00
1.900388300418853760e-01
0.000000000000000000e+00
0.000000000000000000e+00
-0.000000000000000000e+00
0.000000000000000000e+00
0.000000000000000000e+00
0.000000000000000000e+00
2.785656452178955078e-01
2.015801966190338135e-01
0.000000000000000000e+00
0.000000000000000000e+00
0.000000000000000000e+00
0.000000000000000000e+00
0.000000000000000000e+00
-0.000000000000000000e+00
2.922110557556152344e-01
0.000000000000000000e+00
-0.000000000000000000e+00
0.000000000000000000e+00
-0.000000000000000000e+00
-0.000000000000000000e+00
-0.000000000000000000e+00
0.000000000000000000e+00
0.000000000000000000e+00
-1.180327758193016052e-01
-0.000000000000000000e+00
0.000000000000000000e+00
0.000000000000000000e+00
6.106150150299072266e-01
0.000000000000000000e+00
-0.000000000000000000e+00
0.000000000000000000e+00
-0.000000000000000000e+00
-2.834481187164783478e-03
-0.000000000000000000e+00
0.000000000000000000e+00
-0.000000000000000000e+00
0.000000000000000000e+00
0.000000000000000000e+00
-0.000000000000000000e+00
0.000000000000000000e+00
-0.000000000000000000e+00
-0.000000000000000000e+00
-0.000000000000000000e+00
-0.000000000000000000e+00
8.284395933151245117e-01
-0.000000000000000000e+00
0.000000000000000000e+00
0.000000000000000000e+00
0.000000000000000000e+00
-0.000000000000000000e+00
0.000000000000000000e+00
-0.000000000000000000e+00
0.000000000000000000e+00
-0.000000000000000000e+00
-0.000000000000000000e+00
0.000000000000000000e+00
0.000000000000000000e+00
-0.000000000000000000e+00
0.000000000000000000e+00
0.000000000000000000e+00
-0.000000000000000000e+00
-0.000000000000000000e+00
0.000000000000000000e+00
2.611064314842224121e-01
0.000000000000000000e+00
-0.000000000000000000e+00
-0.000000000000000000e+00
-0.000000000000000000e+00
0.000000000000000000e+00
0.000000000000000000e+00
0.000000000000000000e+00
0.000000000000000000e+00
0.000000000000000000e+00
0.000000000000000000e+00
1.604882478713989258e-01
-4.645671248435974121e-01
-0.000000000000000000e+00
-0.000000000000000000e+00
-0.000000000000000000e+00
-0.000000000000000000e+00
0.000000000000000000e+00
2.498465031385421753e-01
0.000000000000000000e+00
-0.000000000000000000e+00
-0.000000000000000000e+00
-4.372852742671966553e-01
0.000000000000000000e+00
-2.485250532627105713e-01
4.974336922168731689e-01
-0.000000000000000000e+00
0.000000000000000000e+00
3.531739413738250732e-01
-5.309468507766723633e-01
0.000000000000000000e+00
-0.000000000000000000e+00
0.000000000000000000e+00
6.106150150299072266e-01
-4.372852742671966553e-01
2.785656452178955078e-01
2.015801966190338135e-01
2.498465031385421753e-01
-4.645671248435974121e-01
1.604882478713989258e-01
4.974336922168731689e-01
8.284395933151245117e-01
3.531739413738250732e-01
2.922110557556152344e-01
-5.309468507766723633e-01
