0.000000000000000000e+00
4.418622553348541260e-01
-0.000000000000000000e+00
-4.354472160339355469e-01
0.000000000000000000e+00
-0.000000000000000000e+00
-4.149099886417388916e-01
0.000000000000000000e+00
0.000000000000000000e+00
7.309865951538085938e-01
-0.000000000000000000e+00
5.306414961814880371e-01
-0.000000000000000000e+00
0.000000000000000000e+00
-7.838160991668701172e-01
-0.000000000000000000e+00
4.156288206577301025e-01
1.664684414863586426e-01
-1.139579534530639648e+00
-1.633397638797760010e-01
4.505045413970947266e-01
5.725874900817871094e-01
8.433667570352554321e-02
-0.000000000000000000e+00
0.000000000000000000e+00
0.000000000000000000e+00
0.000000000000000000e+00
7.493314743041992188e-01
-0.000000000000000000e+00
-2.044231593608856201e-01
-8.012360334396362305e-01
0.000000000000000000e+00
4.046055972576141357e-01
-2.861035466194152832e-01
1.004733443260192871e+00
0.000000000000000000e+00
0.000000000000000000e+00
-0.000000000000000000e+00
3.478309512138366699e-01
0.000000000000000000e+00
0.000000000000000000e+00
4.567248225212097168e-01
5.670656263828277588e-02
0.000000000000000000e+00
-1.252604722976684570e+00
-0.000000000000000000e+00
0.000000000000000000e+00
-0.000000000000000000e+00
4.456162452697753906e-01
2.231656461954116821e-01
-2.383108884096145630e-01
2.720449268817901611e-01
2.996982634067535400e-01
-2.499137073755264282e-01
1.055919647216796875e+00
-1.246162295341491699e+00
3.130604326725006104e-01
0.000000000000000000e+00
-0.000000000000000000e+00
0.000000000000000000e+00
-0.000000000000000000e+00
-0.000000000000000000e+00
1.083401083946228027e+00
0.000000000000000000e+00
0.000000000000000000e+00
-0.000000000000000000e+00
-0.000000000000000000e+00
-2.356840968132019043e-01
-0.000000000000000000e+00
0.000000000000000000e+00
-0.000000000000000000e+00
-0.000000000000000000e+00
2.662106454372406006e-01
0.000000000000000000e+00
0.000000000000000000e+00
0.000000000000000000e+00
-0.000000000000000000e+00
0.000000000000000000e+00
-2.402974605560302734e+00
8.194483518600463867e-01
4.830394983291625977e-01
-5.682827830314636230e-01
0.000000000000000000e+00
-0.000000000000000000e+00
-0.000000000000000000e+00
-3.925400972366333008e-01
-4.344902932643890381e-01
-3.666123151779174805e-01
4.114607870578765869e-01
-3.349265754222869873e-01
0.000000000000000000e+00
7.970607876777648926e-01
-2.933467924594879150e-01
-0.000000000000000000e+00
-5.227239727973937988e-01
-0.000000000000000000e+00
-3.346879184246063232e-01
0.000000000000000000e+00
0.000000000000000000e+00
0.000000000000000000e+00
5.670656263828277588e-02
-1.252604722976684570e+00
-1.139579534530639648e+00
1.083401083946228027e+00
