-0.000000000000000000e+00
-0.000000000000000000e+00
0.000000000000000000e+00
0.000000000000000000e+00
-0.000000000000000000e+00
0.000000000000000000e+00
-1.959860026836395264e-01
2.266153842210769653e-01
-0.000000000000000000e+00
3.452998697757720947e-01
0.000000000000000000e+00
0.000000000000000000e+00
0.000000000000000000e+00
-0.000000000000000000e+00
-3.389648497104644775e-01
0.000000000000000000e+00
-0.000000000000000000e+00
-0.000000000000000000e+00
-6.766868233680725098e-01
0.000000000000000000e+00
-0.000000000000000000e+00
-0.000000000000000000e+00
-0.000000000000000000e+00
0.000000000000000000e+00
-0.000000000000000000e+00
-0.000000000000000000e+00
-0.000000000000000000e+00
-0.000000000000000000e+00
-0.000000000000000000e+00
0.000000000000000000e+00
-0.000000000000000000e+00
0.000000000000000000e+00
-0.000000000000000000e+00
0.000000000000000000e+00
2.495546042919158936e-01
-0.000000000000000000e+00
-0.000000000000000000e+00
0.000000000000000000e+00
2.375990897417068481e-01
0.000000000000000000e+00
0.000000000000000000e+00
3.654118254780769348e-02
2.931189835071563721e-01
-0.000000000000000000e+00
-2.260209769010543823e-01
0.000000000000000000e+00
-0.000000000000000000e+00
0.000000000000000000e+00
-0.000000000000000000e+00
-0.000000000000000000e+00
-1.977944076061248779e-01
-0.000000000000000000e+00
-0.000000000000000000e+00
-0.000000000000000000e+00
-0.000000000000000000e+00
0.000000000000000000e+00
-0.000000000000000000e+00
-0.000000000000000000e+00
0.000000000000000000e+00
0.000000000000000000e+00
-1.133115962147712708e-02
0.000000000000000000e+00
-0.000000000000000000e+00
7.432203739881515503e-02
0.000000000000000000e+00
0.000000000000000000e+00
0.000000000000000000e+00
0.000000000000000000e+00
-0.000000000000000000e+00
-0.000000000000000000e+00
-0.000000000000000000e+00
0.000000000000000000e+00
-0.000000000000000000e+00
-0.000000000000000000e+00
-4.642896652221679688e-01
-0.000000000000000000e+00
0.000000000000000000e+00
-0.000000000000000000e+00
-6.173279881477355957e-01
0.000000000000000000e+00
-0.000000000000000000e+00
-0.000000000000000000e+00
-0.000000000000000000e+00
-5.087520480155944824e-01
0.000000000000000000e+00
0.000000000000000000e+00
-3.042701482772827148e-01
-6.144915819168090820e-01
4.475961625576019287e-01
-2.724905312061309814e-01
-0.000000000000000000e+00
-0.000000000000000000e+00
0.000000000000000000e+00
0.000000000000000000e+00
-0.000000000000000000e+00
0.000000000000000000e+00
-2.571275830268859863e-01
-0.000000000000000000e+00
-0.000000000000000000e+00
-0.000000000000000000e+00
-3.042701482772827148e-01
-6.144915819168090820e-01
4.475961625576019287e-01
2.931189835071563721e-01
-4.642896652221679688e-01
-5.087520480155944824e-01
-6.173279881477355957e-01
-2.724905312061309814e-01
2.495546042919158936e-01
3.452998697757720947e-01
-3.389648497104644775e-01
-1.959860026836395264e-01
-2.260209769010543823e-01
-6.766868233680725098e-01
2.266153842210769653e-01
