-0.000000000000000000e+00
-0.000000000000000000e+00
-5.545564889907836914e-01
0.000000000000000000e+00
-0.000000000000000000e+00
0.000000000000000000e+00
-1.499425037764012814e-03
-0.000000000000000000e+00
-0.000000000000000000e+00
-0.000000000000000000e+00
0.000000000000000000e+00
0.000000000000000000e+00
0.000000000000000000e+00
-0.000000000000000000e+00
-4.848105311393737793e-01
0.000000000000000000e+00
-0.000000000000000000e+00
3.453450500965118408e-01
-5.477457642555236816e-01
-4.316889345645904541e-01
-0.000000000000000000e+00
0.000000000000000000e+00
4.862507581710815430e-01
0.000000000000000000e+00
-0.000000000000000000e+00
-0.000000000000000000e+00
-0.000000000000000000e+00
-0.000000000000000000e+00
0.000000000000000000e+00
0.000000000000000000e+00
-7.028765976428985596e-02
-0.000000000000000000e+00
-0.000000000000000000e+00
0.000000000000000000e+00
1.905571520328521729e-01
-0.000000000000000000e+00
-0.000000000000000000e+00
0.000000000000000000e+00
2.614506483078002930e-01
-0.000000000000000000e+00
-0.000000000000000000e+00
-0.000000000000000000e+00
2.593140006065368652e-01
-0.000000000000000000e+00
-0.000000000000000000e+00
0.000000000000000000e+00
-0.000000000000000000e+00
0.000000000000000000e+00
-0.000000000000000000e+00
-0.000000000000000000e+00
-0.000000000000000000e+00
0.000000000000000000e+00
-0.000000000000000000e+00
-0.000000000000000000e+00
-0.000000000000000000e+00
-1.546227037906646729e-01
-0.000000000000000000e+00
-0.000000000000000000e+00
0.000000000000000000e+00
0.000000000000000000e+00
-8.133777417242527008e-03
0.000000000000000000e+00
0.000000000000000000e+00
-0.000000000000000000e+00
0.000000000000000000e+00
0.000000000000000000e+00
0.000000000000000000e+00
0.000000000000000000e+00
-0.000000000000000000e+00
-0.000000000000000000e+00
-0.000000000000000000e+00
0.000000000000000000e+00
-0.000000000000000000e+00
-0.000000000000000000e+00
-0.000000000000000000e+00
-0.000000000000000000e+00
0.000000000000000000e+00
3.802488148212432861e-01
-6.014904379844665527e-01
-0.000000000000000000e+00
-0.000000000000000000e+00
-0.000000000000000000e+00
-0.000000000000000000e+00
-3.060817718505859375e-01
0.000000000000000000e+00
-0.000000000000000000e+00
-2.839077711105346680e-01
0.000000000000000000e+00
4.520490467548370361e-01
-2.117981463670730591e-01
-0.000000000000000000e+00
-0.000000000000000000e+00
0.000000000000000000e+00
0.000000000000000000e+00
0.000000000000000000e+00
0.000000000000000000e+00
0.000000000000000000e+00
-0.000000000000000000e+00
-0.000000000000000000e+00
-0.000000000000000000e+00
-5.477457642555236816e-01
-2.839077711105346680e-01
-2.117981463670730591e-01
2.593140006065368652e-01
-4.316889345645904541e-01
-5.545564889907836914e-01
1.905571520328521729e-01
-4.848105311393737793e-01
4.520490467548370361e-01
3.453450500965118408e-01
4.862507581710815430e-01
-3.060817718505859375e-01
-1.499425037764012814e-03
2.614506483078002930e-01
-1.546227037906646729e-01
3.802488148212432861e-01
-6.014904379844665527e-01
