-0.000000000000000000e+00
0.000000000000000000e+00
-1.069891601800918579e-01
-2.533608078956604004e-01
0.000000000000000000e+00
-0.000000000000000000e+00
-6.861289143562316895e-01
3.694461882114410400e-01
0.000000000000000000e+00
3.342987895011901855e-01
-0.000000000000000000e+00
1.917849332094192505e-01
-0.000000000000000000e+00
0.000000000000000000e+00
-8.532634377479553223e-01
-5.105931758880615234e-01
4.305000305175781250e-01
3.817862868309020996e-01
-8.361616134643554688e-01
-3.490330651402473450e-02
0.000000000000000000e+00
1.392976790666580200e-01
5.071584135293960571e-02
-2.561009824275970459e-01
0.000000000000000000e+00
0.000000000000000000e+00
0.000000000000000000e+00
0.000000000000000000e+00
0.000000000000000000e+00
-0.000000000000000000e+00
-6.083651185035705566e-01
0.000000000000000000e+00
1.844416409730911255e-01
-0.000000000000000000e+00
9.018068909645080566e-01
0.000000000000000000e+00
0.000000000000000000e+00
-0.000000000000000000e+00
3.677783608436584473e-01
0.000000000000000000e+00
-0.000000000000000000e+00
5.074411034584045410e-01
6.885392963886260986e-02
-0.000000000000000000e+00
-5.865711569786071777e-01
-0.000000000000000000e+00
4.275160133838653564e-01
-6.473796963691711426e-01
3.499943614006042480e-01
0.000000000000000000e+00
0.000000000000000000e+00
4.198009371757507324e-01
3.829189836978912354e-01
0.000000000000000000e+00
-0.000000000000000000e+00
-6.142474412918090820e-01
3.221077024936676025e-01
2.832416892051696777e-01
-0.000000000000000000e+00
-1.026153326034545898e+00
-1.683783717453479767e-02
-0.000000000000000000e+00
1.327176928520202637e+00
-0.000000000000000000e+00
-0.000000000000000000e+00
-0.000000000000000000e+00
0.000000000000000000e+00
-5.437370538711547852e-01
4.851015210151672363e-01
0.000000000000000000e+00
6.660587191581726074e-01
-0.000000000000000000e+00
0.000000000000000000e+00
2.249137759208679199e-01
0.000000000000000000e+00
0.000000000000000000e+00
-0.000000000000000000e+00
1.007601767778396606e-01
-2.400344610214233398e+00
9.229978322982788086e-01
1.408634334802627563e-01
-4.511615633964538574e-01
0.000000000000000000e+00
-4.231092929840087891e-01
-0.000000000000000000e+00
-4.592486098408699036e-02
-2.891754209995269775e-01
-5.456089973449707031e-01
3.983368575572967529e-01
-5.571072101593017578e-01
0.000000000000000000e+00
4.308136701583862305e-01
-2.309636771678924561e-01
-0.000000000000000000e+00
-4.522377550601959229e-01
-0.000000000000000000e+00
-9.888239502906799316e-01
0.000000000000000000e+00
-0.000000000000000000e+00
0.000000000000000000e+00
-4.511615633964538574e-01
-1.026153326034545898e+00
-8.361616134643554688e-01
6.885392963886260986e-02
-6.473796963691711426e-01
1.327176928520202637e+00
