-0.000000000000000000e+00
-0.000000000000000000e+00
0.000000000000000000e+00
0.000000000000000000e+00
-0.000000000000000000e+00
0.000000000000000000e+00
-1.920126974582672119e-01
-0.000000000000000000e+00
-0.000000000000000000e+00
0.000000000000000000e+00
0.000000000000000000e+00
1.171567365527153015e-01
-0.000000000000000000e+00
0.000000000000000000e+00
0.000000000000000000e+00
-0.000000000000000000e+00
0.000000000000000000e+00
-0.000000000000000000e+00
-0.000000000000000000e+00
4.865324497222900391e-01
0.000000000000000000e+00
0.000000000000000000e+00
2.751180827617645264e-01
-0.000000000000000000e+00
0.000000000000000000e+00
0.000000000000000000e+00
-0.000000000000000000e+00
-0.000000000000000000e+00
-0.000000000000000000e+00
0.000000000000000000e+00
0.000000000000000000e+00
0.000000000000000000e+00
-0.000000000000000000e+00
0.000000000000000000e+00
-0.000000000000000000e+00
1.506508439779281616e-01
0.000000000000000000e+00
0.000000000000000000e+00
-0.000000000000000000e+00
-1.909866780042648315e-01
-0.000000000000000000e+00
-3.469533026218414307e-01
0.000000000000000000e+00
-0.000000000000000000e+00
2.655082941055297852e-01
0.000000000000000000e+00
0.000000000000000000e+00
0.000000000000000000e+00
-2.776263654232025146e-01
0.000000000000000000e+00
2.407675236463546753e-01
0.000000000000000000e+00
0.000000000000000000e+00
3.790989816188812256e-01
-0.000000000000000000e+00
5.434833168983459473e-01
2.732949554920196533e-01
0.000000000000000000e+00
0.000000000000000000e+00
-0.000000000000000000e+00
3.874902129173278809e-01
0.000000000000000000e+00
0.000000000000000000e+00
0.000000000000000000e+00
0.000000000000000000e+00
-0.000000000000000000e+00
-0.000000000000000000e+00
-0.000000000000000000e+00
-0.000000000000000000e+00
6.787879467010498047e-01
0.000000000000000000e+00
2.132346630096435547e-01
0.000000000000000000e+00
-0.000000000000000000e+00
4.505248665809631348e-01
0.000000000000000000e+00
-4.686487317085266113e-01
0.000000000000000000e+00
-0.000000000000000000e+00
0.000000000000000000e+00
0.000000000000000000e+00
5.184075832366943359e-01
-0.000000000000000000e+00
-0.000000000000000000e+00
0.000000000000000000e+00
-0.000000000000000000e+00
-0.000000000000000000e+00
-0.000000000000000000e+00
0.000000000000000000e+00
-0.000000000000000000e+00
3.254972994327545166e-01
-0.000000000000000000e+00
0.000000000000000000e+00
-0.000000000000000000e+00
0.000000000000000000e+00
-0.000000000000000000e+00
-0.000000000000000000e+00
-0.000000000000000000e+00
-0.000000000000000000e+00
-0.000000000000000000e+00
6.787879467010498047e-01
4.505248665809631348e-01
5.434833168983459473e-01
1.171567365527153015e-01
1.506508439779281616e-01
2.132346630096435547e-01
4.865324497222900391e-01
-4.686487317085266113e-01
3.790989816188812256e-01
2.732949554920196533e-01
-2.776263654232025146e-01
5.184075832366943359e-01
2.655082941055297852e-01
-3.469533026218414307e-01
3.254972994327545166e-01
2.751180827617645264e-01
-1.909866780042648315e-01
3.874902129173278809e-01
