-0.000000000000000000e+00
-0.000000000000000000e+00
0.000000000000000000e+00
0.000000000000000000e+00
-0.000000000000000000e+00
0.000000000000000000e+00
-1.920006573200225830e-01
-0.000000000000000000e+00
-0.000000000000000000e+00
3.046672344207763672e-01
0.000000000000000000e+00
0.000000000000000000e+00
0.000000000000000000e+00
-0.000000000000000000e+00
-2.962302863597869873e-01
0.000000000000000000e+00
-0.000000000000000000e+00
-0.000000000000000000e+00
-6.246671676635742188e-01
0.000000000000000000e+00
-0.000000000000000000e+00
0.000000000000000000e+00
-0.000000000000000000e+00
0.000000000000000000e+00
-0.000000000000000000e+00
-0.000000000000000000e+00
-0.000000000000000000e+00
-0.000000000000000000e+00
0.000000000000000000e+00
0.000000000000000000e+00
-1.873291432857513428e-01
-0.000000000000000000e+00
-0.000000000000000000e+00
0.000000000000000000e+00
2.401026189327239990e-01
-0.000000000000000000e+00
-0.000000000000000000e+00
0.000000000000000000e+00
2.305393517017364502e-01
-0.000000000000000000e+00
0.000000000000000000e+00
-0.000000000000000000e+00
3.048494756221771240e-01
-0.000000000000000000e+00
0.000000000000000000e+00
0.000000000000000000e+00
-0.000000000000000000e+00
0.000000000000000000e+00
-0.000000000000000000e+00
-0.000000000000000000e+00
-0.000000000000000000e+00
9.473786503076553345e-02
0.000000000000000000e+00
-0.000000000000000000e+00
0.000000000000000000e+00
0.000000000000000000e+00
-0.000000000000000000e+00
-0.000000000000000000e+00
0.000000000000000000e+00
0.000000000000000000e+00
-0.000000000000000000e+00
0.000000000000000000e+00
-0.000000000000000000e+00
2.686091363430023193e-01
0.000000000000000000e+00
0.000000000000000000e+00
0.000000000000000000e+00
0.000000000000000000e+00
-0.000000000000000000e+00
-0.000000000000000000e+00
-0.000000000000000000e+00
0.000000000000000000e+00
-0.000000000000000000e+00
-0.000000000000000000e+00
-4.621004164218902588e-01
-0.000000000000000000e+00
0.000000000000000000e+00
-0.000000000000000000e+00
-6.567117571830749512e-01
-0.000000000000000000e+00
-0.000000000000000000e+00
-2.933822870254516602e-01
-0.000000000000000000e+00
-5.524026751518249512e-01
0.000000000000000000e+00
0.000000000000000000e+00
-3.253581523895263672e-01
-5.819596052169799805e-01
6.098300218582153320e-01
-2.574401795864105225e-01
-0.000000000000000000e+00
-0.000000000000000000e+00
0.000000000000000000e+00
0.000000000000000000e+00
-0.000000000000000000e+00
0.000000000000000000e+00
-2.486985176801681519e-01
-0.000000000000000000e+00
-0.000000000000000000e+00
-0.000000000000000000e+00
-5.524026751518249512e-01
3.048494756221771240e-01
6.098300218582153320e-01
-5.819596052169799805e-01
-2.574401795864105225e-01
-3.253581523895263672e-01
-1.920006573200225830e-01
2.686091363430023193e-01
3.046672344207763672e-01
-6.567117571830749512e-01
-4.621004164218902588e-01
-2.962302863597869873e-01
2.401026189327239990e-01
-2.933822870254516602e-01
-6.246671676635742188e-01
