0.000000000000000000e+00
8.667175769805908203e-01
-4.230181872844696045e-01
-2.305073589086532593e-01
0.000000000000000000e+00
-1.185523152351379395e+00
-4.538632631301879883e-01
2.733532190322875977e-01
0.000000000000000000e+00
3.634694814682006836e-01
-0.000000000000000000e+00
1.685721278190612793e-01
-0.000000000000000000e+00
0.000000000000000000e+00
-7.441178560256958008e-01
-0.000000000000000000e+00
3.964916467666625977e-01
0.000000000000000000e+00
-1.015600681304931641e+00
-4.555658996105194092e-01
0.000000000000000000e+00
4.098543822765350342e-01
2.682030759751796722e-02
-1.842257678508758545e-01
5.710107684135437012e-01
0.000000000000000000e+00
0.000000000000000000e+00
0.000000000000000000e+00
-0.000000000000000000e+00
-0.000000000000000000e+00
0.000000000000000000e+00
-8.575846552848815918e-01
2.374797761440277100e-01
-0.000000000000000000e+00
1.012179255485534668e+00
0.000000000000000000e+00
4.261167347431182861e-02
-5.201925635337829590e-01
3.446958959102630615e-01
0.000000000000000000e+00
-0.000000000000000000e+00
4.683341979980468750e-01
5.960544943809509277e-02
-0.000000000000000000e+00
-4.815003573894500732e-01
-3.716218769550323486e-01
0.000000000000000000e+00
-0.000000000000000000e+00
3.027509450912475586e-01
0.000000000000000000e+00
-6.958271861076354980e-01
4.878617227077484131e-01
5.558111667633056641e-01
-6.785429120063781738e-01
0.000000000000000000e+00
-1.148878335952758789e+00
3.051580488681793213e-01
2.467678785324096680e-01
-0.000000000000000000e+00
-0.000000000000000000e+00
-1.141232438385486603e-02
-0.000000000000000000e+00
3.046895265579223633e-01
0.000000000000000000e+00
0.000000000000000000e+00
-0.000000000000000000e+00
-8.489471077919006348e-01
-8.578337728977203369e-02
0.000000000000000000e+00
0.000000000000000000e+00
0.000000000000000000e+00
-0.000000000000000000e+00
0.000000000000000000e+00
0.000000000000000000e+00
-5.222132802009582520e-01
0.000000000000000000e+00
-3.496560454368591309e-01
0.000000000000000000e+00
-2.125280141830444336e+00
0.000000000000000000e+00
3.830011188983917236e-01
0.000000000000000000e+00
0.000000000000000000e+00
-4.113226830959320068e-01
-0.000000000000000000e+00
-1.013586074113845825e-01
-2.385214567184448242e-01
-3.062415122985839844e-01
3.510548174381256104e-01
-0.000000000000000000e+00
0.000000000000000000e+00
9.353120326995849609e-01
-0.000000000000000000e+00
-3.415848612785339355e-01
-4.448880851268768311e-01
-0.000000000000000000e+00
-1.165651917457580566e+00
0.000000000000000000e+00
0.000000000000000000e+00
0.000000000000000000e+00
-8.489471077919006348e-01
-1.185523152351379395e+00
-1.015600681304931641e+00
-3.415848612785339355e-01
5.960544943809509277e-02
3.046895265579223633e-01
