0.000000000000000000e+00
-0.000000000000000000e+00
0.000000000000000000e+00
0.000000000000000000e+00
-0.000000000000000000e+00
0.000000000000000000e+00
-2.004458308219909668e-01
1.886596381664276123e-01
-0.000000000000000000e+00
-0.000000000000000000e+00
0.000000000000000000e+00
0.000000000000000000e+00
0.000000000000000000e+00
-0.000000000000000000e+00
-2.288429886102676392e-01
0.000000000000000000e+00
-0.000000000000000000e+00
-0.000000000000000000e+00
-5.584177970886230469e-01
-3.299672603607177734e-01
-0.000000000000000000e+00
-0.000000000000000000e+00
-0.000000000000000000e+00
0.000000000000000000e+00
-0.000000000000000000e+00
-0.000000000000000000e+00
-0.000000000000000000e+00
-0.000000000000000000e+00
4.361220300197601318e-01
0.000000000000000000e+00
-0.000000000000000000e+00
0.000000000000000000e+00
-0.000000000000000000e+00
0.000000000000000000e+00
2.031814754009246826e-01
-0.000000000000000000e+00
-0.000000000000000000e+00
0.000000000000000000e+00
2.099448591470718384e-01
0.000000000000000000e+00
-0.000000000000000000e+00
-0.000000000000000000e+00
2.745983004570007324e-01
0.000000000000000000e+00
0.000000000000000000e+00
0.000000000000000000e+00
-0.000000000000000000e+00
0.000000000000000000e+00
-0.000000000000000000e+00
-0.000000000000000000e+00
-2.175022065639495850e-01
-0.000000000000000000e+00
0.000000000000000000e+00
-0.000000000000000000e+00
-0.000000000000000000e+00
-4.021085798740386963e-02
-0.000000000000000000e+00
-0.000000000000000000e+00
0.000000000000000000e+00
0.000000000000000000e+00
-2.021074146032333374e-01
0.000000000000000000e+00
-0.000000000000000000e+00
2.814313769340515137e-01
0.000000000000000000e+00
-0.000000000000000000e+00
0.000000000000000000e+00
0.000000000000000000e+00
-0.000000000000000000e+00
-0.000000000000000000e+00
-0.000000000000000000e+00
0.000000000000000000e+00
-0.000000000000000000e+00
-0.000000000000000000e+00
-4.631508886814117432e-01
-0.000000000000000000e+00
0.000000000000000000e+00
-0.000000000000000000e+00
-5.200330615043640137e-01
-0.000000000000000000e+00
0.000000000000000000e+00
-3.471930325031280518e-01
-0.000000000000000000e+00
0.000000000000000000e+00
0.000000000000000000e+00
0.000000000000000000e+00
-2.646599113941192627e-01
0.000000000000000000e+00
1.101215004920959473e+00
0.000000000000000000e+00
-0.000000000000000000e+00
-0.000000000000000000e+00
0.000000000000000000e+00
0.000000000000000000e+00
-2.248225361108779907e-02
0.000000000000000000e+00
-2.717747986316680908e-01
-0.000000000000000000e+00
-0.000000000000000000e+00
-0.000000000000000000e+00
4.361220300197601318e-01
-5.584177970886230469e-01
-2.646599113941192627e-01
2.745983004570007324e-01
-2.004458308219909668e-01
-5.200330615043640137e-01
-3.299672603607177734e-01
2.814313769340515137e-01
2.031814754009246826e-01
-2.021074146032333374e-01
-4.631508886814117432e-01
-2.288429886102676392e-01
1.886596381664276123e-01
-2.717747986316680908e-01
-3.471930325031280518e-01
1.101215004920959473e+00
