-0.000000000000000000e+00
-0.000000000000000000e+00
0.000000000000000000e+00
0.000000000000000000e+00
-0.000000000000000000e+00
0.000000000000000000e+00
-2.020428180694580078e-01
-0.000000000000000000e+00
-0.000000000000000000e+00
2.171076834201812744e-01
0.000000000000000000e+00
0.000000000000000000e+00
0.000000000000000000e+00
-0.000000000000000000e+00
-3.170259594917297363e-01
0.000000000000000000e+00
-0.000000000000000000e+00
-0.000000000000000000e+00
-0.000000000000000000e+00
0.000000000000000000e+00
-0.000000000000000000e+00
0.000000000000000000e+00
-0.000000000000000000e+00
0.000000000000000000e+00
-0.000000000000000000e+00
-0.000000000000000000e+00
-0.000000000000000000e+00
-0.000000000000000000e+00
0.000000000000000000e+00
0.000000000000000000e+00
0.000000000000000000e+00
-0.000000000000000000e+00
-0.000000000000000000e+00
0.000000000000000000e+00
2.139474153518676758e-01
-0.000000000000000000e+00
-0.000000000000000000e+00
0.000000000000000000e+00
2.259307801723480225e-01
-0.000000000000000000e+00
-0.000000000000000000e+00
-0.000000000000000000e+00
2.859804928302764893e-01
-0.000000000000000000e+00
-0.000000000000000000e+00
0.000000000000000000e+00
-0.000000000000000000e+00
0.000000000000000000e+00
5.312594175338745117e-01
-0.000000000000000000e+00
-2.048821896314620972e-01
2.801534235477447510e-01
-0.000000000000000000e+00
0.000000000000000000e+00
-0.000000000000000000e+00
-0.000000000000000000e+00
-0.000000000000000000e+00
-0.000000000000000000e+00
0.000000000000000000e+00
-5.278140306472778320e-01
0.000000000000000000e+00
0.000000000000000000e+00
-0.000000000000000000e+00
0.000000000000000000e+00
0.000000000000000000e+00
0.000000000000000000e+00
0.000000000000000000e+00
0.000000000000000000e+00
-0.000000000000000000e+00
-0.000000000000000000e+00
-0.000000000000000000e+00
0.000000000000000000e+00
9.768263995647430420e-02
-0.000000000000000000e+00
-4.738582670688629150e-01
-0.000000000000000000e+00
0.000000000000000000e+00
-0.000000000000000000e+00
-5.992791056632995605e-01
4.029805958271026611e-01
-0.000000000000000000e+00
-2.126968502998352051e-01
-0.000000000000000000e+00
0.000000000000000000e+00
0.000000000000000000e+00
0.000000000000000000e+00
-3.005945384502410889e-01
-4.399796724319458008e-01
5.751728415489196777e-01
-2.190194278955459595e-01
-0.000000000000000000e+00
-0.000000000000000000e+00
0.000000000000000000e+00
0.000000000000000000e+00
-0.000000000000000000e+00
0.000000000000000000e+00
-2.615123689174652100e-01
-0.000000000000000000e+00
-0.000000000000000000e+00
-0.000000000000000000e+00
-3.170259594917297363e-01
5.312594175338745117e-01
5.751728415489196777e-01
-3.005945384502410889e-01
-4.399796724319458008e-01
2.859804928302764893e-01
4.029805958271026611e-01
2.801534235477447510e-01
2.171076834201812744e-01
-2.126968502998352051e-01
2.139474153518676758e-01
9.768263995647430420e-02
-5.278140306472778320e-01
-4.738582670688629150e-01
-5.992791056632995605e-01
-2.190194278955459595e-01
-2.020428180694580078e-01
