-0.000000000000000000e+00
-0.000000000000000000e+00
0.000000000000000000e+00
-3.138194680213928223e-01
-0.000000000000000000e+00
0.000000000000000000e+00
-1.997466385364532471e-01
2.483344823122024536e-01
-0.000000000000000000e+00
3.512943685054779053e-01
0.000000000000000000e+00
0.000000000000000000e+00
0.000000000000000000e+00
-0.000000000000000000e+00
-3.961321711540222168e-01
0.000000000000000000e+00
-0.000000000000000000e+00
-0.000000000000000000e+00
-4.693962037563323975e-01
0.000000000000000000e+00
-0.000000000000000000e+00
0.000000000000000000e+00
-0.000000000000000000e+00
0.000000000000000000e+00
9.519951790571212769e-02
-0.000000000000000000e+00
0.000000000000000000e+00
-0.000000000000000000e+00
-0.000000000000000000e+00
0.000000000000000000e+00
-0.000000000000000000e+00
-0.000000000000000000e+00
-0.000000000000000000e+00
0.000000000000000000e+00
2.446923702955245972e-01
-0.000000000000000000e+00
-0.000000000000000000e+00
0.000000000000000000e+00
2.286642640829086304e-01
-0.000000000000000000e+00
0.000000000000000000e+00
-0.000000000000000000e+00
2.640606164932250977e-01
-0.000000000000000000e+00
-0.000000000000000000e+00
0.000000000000000000e+00
-0.000000000000000000e+00
0.000000000000000000e+00
-0.000000000000000000e+00
-0.000000000000000000e+00
-2.040909230709075928e-01
2.727107703685760498e-01
0.000000000000000000e+00
-0.000000000000000000e+00
-0.000000000000000000e+00
0.000000000000000000e+00
-0.000000000000000000e+00
-0.000000000000000000e+00
0.000000000000000000e+00
0.000000000000000000e+00
-0.000000000000000000e+00
0.000000000000000000e+00
-0.000000000000000000e+00
-0.000000000000000000e+00
0.000000000000000000e+00
-0.000000000000000000e+00
0.000000000000000000e+00
0.000000000000000000e+00
-0.000000000000000000e+00
-0.000000000000000000e+00
-0.000000000000000000e+00
0.000000000000000000e+00
-0.000000000000000000e+00
-0.000000000000000000e+00
-4.730325341224670410e-01
-0.000000000000000000e+00
0.000000000000000000e+00
-0.000000000000000000e+00
-5.574663281440734863e-01
-0.000000000000000000e+00
-0.000000000000000000e+00
-3.557398319244384766e-01
-0.000000000000000000e+00
0.000000000000000000e+00
0.000000000000000000e+00
0.000000000000000000e+00
0.000000000000000000e+00
-6.364841461181640625e-01
8.638936877250671387e-01
0.000000000000000000e+00
-0.000000000000000000e+00
-0.000000000000000000e+00
0.000000000000000000e+00
0.000000000000000000e+00
-0.000000000000000000e+00
0.000000000000000000e+00
-2.509697675704956055e-01
0.000000000000000000e+00
-0.000000000000000000e+00
-0.000000000000000000e+00
-3.138194680213928223e-01
-6.364841461181640625e-01
2.483344823122024536e-01
-4.693962037563323975e-01
-5.574663281440734863e-01
8.638936877250671387e-01
-4.730325341224670410e-01
-3.961321711540222168e-01
2.727107703685760498e-01
2.640606164932250977e-01
3.512943685054779053e-01
-3.557398319244384766e-01
2.446923702955245972e-01
-1.997466385364532471e-01
