-0.000000000000000000e+00
-0.000000000000000000e+00
-9.463069438934326172e-01
0.000000000000000000e+00
-0.000000000000000000e+00
0.000000000000000000e+00
-2.029859125614166260e-01
-0.000000000000000000e+00
-0.000000000000000000e+00
-0.000000000000000000e+00
0.000000000000000000e+00
0.000000000000000000e+00
0.000000000000000000e+00
-0.000000000000000000e+00
-2.589620351791381836e-01
0.000000000000000000e+00
-0.000000000000000000e+00
-0.000000000000000000e+00
-6.200038194656372070e-01
0.000000000000000000e+00
-0.000000000000000000e+00
0.000000000000000000e+00
-0.000000000000000000e+00
0.000000000000000000e+00
-0.000000000000000000e+00
-0.000000000000000000e+00
-0.000000000000000000e+00
-0.000000000000000000e+00
0.000000000000000000e+00
0.000000000000000000e+00
0.000000000000000000e+00
-5.987427197396755219e-03
-0.000000000000000000e+00
0.000000000000000000e+00
2.350397109985351562e-01
-0.000000000000000000e+00
-0.000000000000000000e+00
0.000000000000000000e+00
2.295459657907485962e-01
0.000000000000000000e+00
0.000000000000000000e+00
-0.000000000000000000e+00
2.950443327426910400e-01
-0.000000000000000000e+00
-0.000000000000000000e+00
0.000000000000000000e+00
-0.000000000000000000e+00
0.000000000000000000e+00
-0.000000000000000000e+00
-0.000000000000000000e+00
-1.995308548212051392e-01
2.789532840251922607e-01
-0.000000000000000000e+00
0.000000000000000000e+00
-0.000000000000000000e+00
-0.000000000000000000e+00
-0.000000000000000000e+00
-0.000000000000000000e+00
0.000000000000000000e+00
0.000000000000000000e+00
0.000000000000000000e+00
0.000000000000000000e+00
-0.000000000000000000e+00
-0.000000000000000000e+00
0.000000000000000000e+00
-0.000000000000000000e+00
0.000000000000000000e+00
0.000000000000000000e+00
-0.000000000000000000e+00
-0.000000000000000000e+00
-0.000000000000000000e+00
0.000000000000000000e+00
-0.000000000000000000e+00
-0.000000000000000000e+00
0.000000000000000000e+00
-0.000000000000000000e+00
-0.000000000000000000e+00
-0.000000000000000000e+00
-5.698933005332946777e-01
-0.000000000000000000e+00
-0.000000000000000000e+00
-3.610762655735015869e-01
-0.000000000000000000e+00
-2.440655976533889771e-01
0.000000000000000000e+00
-4.674851298332214355e-01
-2.960612475872039795e-01
-6.177747249603271484e-01
-0.000000000000000000e+00
0.000000000000000000e+00
-0.000000000000000000e+00
-0.000000000000000000e+00
0.000000000000000000e+00
0.000000000000000000e+00
-0.000000000000000000e+00
-2.198134213685989380e-01
-2.914109230041503906e-01
0.000000000000000000e+00
-0.000000000000000000e+00
-0.000000000000000000e+00
-2.960612475872039795e-01
-9.463069438934326172e-01
2.950443327426910400e-01
-3.610762655735015869e-01
-2.440655976533889771e-01
-6.177747249603271484e-01
-6.200038194656372070e-01
-4.674851298332214355e-01
-5.698933005332946777e-01
2.789532840251922607e-01
2.350397109985351562e-01
-2.198134213685989380e-01
-2.589620351791381836e-01
-2.029859125614166260e-01
