0.000000000000000000e+00
2.263657562434673309e-02
-0.000000000000000000e+00
-0.000000000000000000e+00
1.697075515985488892e-01
-7.255911827087402344e-01
-1.707832366228103638e-01
3.501031994819641113e-01
0.000000000000000000e+00
3.700154721736907959e-01
-0.000000000000000000e+00
2.336010783910751343e-01
-0.000000000000000000e+00
0.000000000000000000e+00
-8.842840790748596191e-01
-0.000000000000000000e+00
3.140492737293243408e-01
1.540953278541564941e+00
-8.083306550979614258e-01
-1.177149936556816101e-01
6.557897925376892090e-01
7.544070482254028320e-01
0.000000000000000000e+00
-2.507185637950897217e-01
0.000000000000000000e+00
0.000000000000000000e+00
-0.000000000000000000e+00
0.000000000000000000e+00
0.000000000000000000e+00
-7.684618234634399414e-01
-4.841193556785583496e-01
0.000000000000000000e+00
1.881167590618133545e-01
-0.000000000000000000e+00
1.168495178222656250e+00
0.000000000000000000e+00
0.000000000000000000e+00
-4.174091517925262451e-01
3.720539212226867676e-01
-0.000000000000000000e+00
0.000000000000000000e+00
5.531315207481384277e-01
6.120084598660469055e-02
0.000000000000000000e+00
-4.763396084308624268e-01
-0.000000000000000000e+00
7.599744200706481934e-02
-0.000000000000000000e+00
1.534012854099273682e-01
0.000000000000000000e+00
-5.325895547866821289e-01
-0.000000000000000000e+00
0.000000000000000000e+00
-8.036834001541137695e-01
0.000000000000000000e+00
-9.120195508003234863e-01
4.849406778812408447e-01
2.393195033073425293e-01
-0.000000000000000000e+00
-6.808197498321533203e-01
-0.000000000000000000e+00
-0.000000000000000000e+00
0.000000000000000000e+00
9.684574007987976074e-01
-0.000000000000000000e+00
-0.000000000000000000e+00
-0.000000000000000000e+00
-0.000000000000000000e+00
1.336560249328613281e-01
0.000000000000000000e+00
4.623114168643951416e-01
-0.000000000000000000e+00
0.000000000000000000e+00
0.000000000000000000e+00
-4.824475646018981934e-01
1.016923934221267700e-01
-0.000000000000000000e+00
0.000000000000000000e+00
-2.034415483474731445e+00
9.463052749633789062e-01
0.000000000000000000e+00
0.000000000000000000e+00
0.000000000000000000e+00
-4.865789115428924561e-01
-0.000000000000000000e+00
-0.000000000000000000e+00
-4.679653942584991455e-01
-4.231547713279724121e-01
5.637829899787902832e-01
-3.444444239139556885e-01
0.000000000000000000e+00
4.332740008831024170e-01
-0.000000000000000000e+00
-0.000000000000000000e+00
-5.549359321594238281e-01
-0.000000000000000000e+00
-6.527853012084960938e-01
0.000000000000000000e+00
0.000000000000000000e+00
0.000000000000000000e+00
1.540953278541564941e+00
-7.255911827087402344e-01
-8.083306550979614258e-01
6.120084598660469055e-02
-6.808197498321533203e-01
