0.000000000000000000e+00
-0.000000000000000000e+00
0.000000000000000000e+00
-7.607517242431640625e-01
3.036308884620666504e-01
0.000000000000000000e+00
0.000000000000000000e+00
-1.438360847532749176e-02
-0.000000000000000000e+00
1.529462188482284546e-01
-1.984430998563766479e-01
2.632581293582916260e-01
-2.360974252223968506e-01
0.000000000000000000e+00
0.000000000000000000e+00
2.398596256971359253e-01
-5.884304642677307129e-01
2.813280224800109863e-01
0.000000000000000000e+00
4.775458574295043945e-01
3.107886612415313721e-01
-1.174543499946594238e+00
-0.000000000000000000e+00
-0.000000000000000000e+00
2.202327489852905273e+00
-7.339453697204589844e-02
-4.632370173931121826e-01
0.000000000000000000e+00
-0.000000000000000000e+00
5.132719129323959351e-02
2.123604297637939453e+00
0.000000000000000000e+00
-1.946804672479629517e-01
-0.000000000000000000e+00
0.000000000000000000e+00
-7.169718146324157715e-01
2.143169194459915161e-02
-0.000000000000000000e+00
-3.351187407970428467e-01
-0.000000000000000000e+00
-0.000000000000000000e+00
6.157634854316711426e-01
-0.000000000000000000e+00
1.065040469169616699e+00
-0.000000000000000000e+00
2.523273825645446777e-01
-0.000000000000000000e+00
-0.000000000000000000e+00
0.000000000000000000e+00
-1.924794018268585205e-01
-1.302728503942489624e-01
0.000000000000000000e+00
0.000000000000000000e+00
-0.000000000000000000e+00
-0.000000000000000000e+00
0.000000000000000000e+00
3.437168896198272705e-01
0.000000000000000000e+00
-2.552466690540313721e-01
-4.289552569389343262e-01
-0.000000000000000000e+00
-5.902644991874694824e-01
9.333496689796447754e-01
-4.459719657897949219e-01
-0.000000000000000000e+00
0.000000000000000000e+00
-2.934669256210327148e-01
5.564177632331848145e-01
-8.915633559226989746e-01
4.307583868503570557e-01
-0.000000000000000000e+00
-7.304980754852294922e-01
4.811120331287384033e-01
0.000000000000000000e+00
1.362970173358917236e-01
-0.000000000000000000e+00
6.780329346656799316e-01
2.053175121545791626e-01
-1.900620758533477783e-02
0.000000000000000000e+00
-0.000000000000000000e+00
-3.522788286209106445e-01
-0.000000000000000000e+00
3.747947812080383301e-01
-0.000000000000000000e+00
0.000000000000000000e+00
0.000000000000000000e+00
-6.181532144546508789e-01
-0.000000000000000000e+00
-0.000000000000000000e+00
6.152744293212890625e-01
7.864558100700378418e-01
-2.092717140913009644e-01
-7.520402222871780396e-02
0.000000000000000000e+00
2.423339337110519409e-01
0.000000000000000000e+00
0.000000000000000000e+00
-4.578576982021331787e-01
-4.733468592166900635e-01
4.811120331287384033e-01
3.747947812080383301e-01
-7.607517242431640625e-01
-7.520402222871780396e-02
2.202327489852905273e+00
6.152744293212890625e-01
