-0.000000000000000000e+00
-0.000000000000000000e+00
-7.417832612991333008e-01
-3.121679425239562988e-01
-0.000000000000000000e+00
0.000000000000000000e+00
-1.948508769273757935e-01
2.399559617042541504e-01
-0.000000000000000000e+00
2.587707899510860443e-02
0.000000000000000000e+00
0.000000000000000000e+00
0.000000000000000000e+00
-0.000000000000000000e+00
-3.701032698154449463e-01
0.000000000000000000e+00
-0.000000000000000000e+00
-0.000000000000000000e+00
-0.000000000000000000e+00
0.000000000000000000e+00
-0.000000000000000000e+00
-0.000000000000000000e+00
-0.000000000000000000e+00
0.000000000000000000e+00
-0.000000000000000000e+00
-0.000000000000000000e+00
-0.000000000000000000e+00
-0.000000000000000000e+00
0.000000000000000000e+00
0.000000000000000000e+00
-0.000000000000000000e+00
0.000000000000000000e+00
-0.000000000000000000e+00
0.000000000000000000e+00
2.575990259647369385e-01
-0.000000000000000000e+00
-0.000000000000000000e+00
0.000000000000000000e+00
2.267079502344131470e-01
-0.000000000000000000e+00
0.000000000000000000e+00
6.905998289585113525e-02
2.965571582317352295e-01
0.000000000000000000e+00
-4.126791954040527344e-01
0.000000000000000000e+00
-0.000000000000000000e+00
0.000000000000000000e+00
-0.000000000000000000e+00
-0.000000000000000000e+00
-1.912651956081390381e-01
2.955367863178253174e-01
0.000000000000000000e+00
-0.000000000000000000e+00
-0.000000000000000000e+00
-1.564429886639118195e-02
-0.000000000000000000e+00
-0.000000000000000000e+00
0.000000000000000000e+00
0.000000000000000000e+00
-0.000000000000000000e+00
0.000000000000000000e+00
0.000000000000000000e+00
-0.000000000000000000e+00
-0.000000000000000000e+00
0.000000000000000000e+00
0.000000000000000000e+00
0.000000000000000000e+00
-0.000000000000000000e+00
-0.000000000000000000e+00
-0.000000000000000000e+00
0.000000000000000000e+00
-0.000000000000000000e+00
-0.000000000000000000e+00
-4.474405944347381592e-01
-0.000000000000000000e+00
0.000000000000000000e+00
-0.000000000000000000e+00
-6.149877905845642090e-01
4.187172949314117432e-01
-0.000000000000000000e+00
-0.000000000000000000e+00
-0.000000000000000000e+00
-3.193911910057067871e-01
0.000000000000000000e+00
0.000000000000000000e+00
0.000000000000000000e+00
-5.557690262794494629e-01
1.451323628425598145e-01
0.000000000000000000e+00
-0.000000000000000000e+00
-0.000000000000000000e+00
0.000000000000000000e+00
0.000000000000000000e+00
0.000000000000000000e+00
0.000000000000000000e+00
-2.809614837169647217e-01
-0.000000000000000000e+00
-0.000000000000000000e+00
-0.000000000000000000e+00
2.399559617042541504e-01
2.575990259647369385e-01
-7.417832612991333008e-01
-5.557690262794494629e-01
4.187172949314117432e-01
-3.121679425239562988e-01
-3.193911910057067871e-01
2.955367863178253174e-01
-4.474405944347381592e-01
0.000000000000000000e+00
2.965571582317352295e-01
-1.564429886639118195e-02
-2.809614837169647217e-01
-4.126791954040527344e-01
-3.701032698154449463e-01
-6.149877905845642090e-01
-1.948508769273757935e-01
