0.000000000000000000e+00
1.012041687965393066e+00
0.000000000000000000e+00
-2.593252360820770264e-01
-0.000000000000000000e+00
0.000000000000000000e+00
-6.551634669303894043e-01
-0.000000000000000000e+00
0.000000000000000000e+00
3.099062442779541016e-01
1.515248268842697144e-01
0.000000000000000000e+00
-0.000000000000000000e+00
1.192133724689483643e-01
-0.000000000000000000e+00
-0.000000000000000000e+00
0.000000000000000000e+00
-0.000000000000000000e+00
-1.166434586048126221e-01
7.069174647331237793e-01
0.000000000000000000e+00
0.000000000000000000e+00
5.507767200469970703e-01
-0.000000000000000000e+00
1.423714160919189453e-01
0.000000000000000000e+00
4.609259366989135742e-01
-0.000000000000000000e+00
-4.155216813087463379e-01
0.000000000000000000e+00
5.418502092361450195e-01
5.505167841911315918e-01
-0.000000000000000000e+00
0.000000000000000000e+00
-2.906764149665832520e-01
2.208132594823837280e-01
2.842464745044708252e-01
5.959251895546913147e-02
-0.000000000000000000e+00
-5.452661514282226562e-01
-5.143767595291137695e-01
-5.398189425468444824e-01
0.000000000000000000e+00
-0.000000000000000000e+00
2.158835381269454956e-01
8.854561448097229004e-01
0.000000000000000000e+00
0.000000000000000000e+00
-6.106725707650184631e-02
3.711181282997131348e-01
4.438028037548065186e-01
0.000000000000000000e+00
2.541084773838520050e-02
9.217413067817687988e-01
-0.000000000000000000e+00
0.000000000000000000e+00
2.493286728858947754e-01
6.984265446662902832e-01
0.000000000000000000e+00
-0.000000000000000000e+00
4.648117423057556152e-01
0.000000000000000000e+00
-4.288834929466247559e-01
0.000000000000000000e+00
1.324202418327331543e-01
3.280340433120727539e-01
-0.000000000000000000e+00
-0.000000000000000000e+00
-0.000000000000000000e+00
1.965463757514953613e+00
-0.000000000000000000e+00
-0.000000000000000000e+00
0.000000000000000000e+00
-3.028259873390197754e-01
8.601842522621154785e-01
6.377918720245361328e-01
-5.934177041053771973e-01
0.000000000000000000e+00
-0.000000000000000000e+00
0.000000000000000000e+00
1.595574319362640381e-01
1.209450602531433105e+00
-1.914125829935073853e-01
-0.000000000000000000e+00
0.000000000000000000e+00
-0.000000000000000000e+00
-8.272505998611450195e-01
0.000000000000000000e+00
0.000000000000000000e+00
3.938393890857696533e-01
6.402707695960998535e-01
-0.000000000000000000e+00
0.000000000000000000e+00
-4.077208042144775391e-01
4.879263043403625488e-01
-8.280678838491439819e-02
3.268641531467437744e-01
-0.000000000000000000e+00
-1.815879344940185547e-02
-1.644760131835937500e+00
8.854561448097229004e-01
-6.106725707650184631e-02
3.268641531467437744e-01
1.209450602531433105e+00
3.280340433120727539e-01
1.012041687965393066e+00
