-0.000000000000000000e+00
-0.000000000000000000e+00
-4.882465898990631104e-01
0.000000000000000000e+00
-0.000000000000000000e+00
0.000000000000000000e+00
-1.863600909709930420e-01
-0.000000000000000000e+00
-0.000000000000000000e+00
-0.000000000000000000e+00
0.000000000000000000e+00
0.000000000000000000e+00
0.000000000000000000e+00
-0.000000000000000000e+00
-3.303085267543792725e-01
0.000000000000000000e+00
-0.000000000000000000e+00
-0.000000000000000000e+00
0.000000000000000000e+00
0.000000000000000000e+00
-0.000000000000000000e+00
0.000000000000000000e+00
-0.000000000000000000e+00
0.000000000000000000e+00
-0.000000000000000000e+00
-0.000000000000000000e+00
-0.000000000000000000e+00
-0.000000000000000000e+00
0.000000000000000000e+00
0.000000000000000000e+00
-1.848615258932113647e-01
-0.000000000000000000e+00
-0.000000000000000000e+00
-2.508689463138580322e-01
-0.000000000000000000e+00
-0.000000000000000000e+00
-0.000000000000000000e+00
0.000000000000000000e+00
2.366064190864562988e-01
-0.000000000000000000e+00
-0.000000000000000000e+00
-0.000000000000000000e+00
2.764632999897003174e-01
-0.000000000000000000e+00
-2.708152830600738525e-01
0.000000000000000000e+00
-0.000000000000000000e+00
0.000000000000000000e+00
-0.000000000000000000e+00
-0.000000000000000000e+00
-2.582309544086456299e-01
1.211504787206649780e-01
-0.000000000000000000e+00
-0.000000000000000000e+00
0.000000000000000000e+00
0.000000000000000000e+00
-0.000000000000000000e+00
-0.000000000000000000e+00
0.000000000000000000e+00
0.000000000000000000e+00
-3.425432369112968445e-02
0.000000000000000000e+00
6.779202222824096680e-01
-0.000000000000000000e+00
0.000000000000000000e+00
0.000000000000000000e+00
0.000000000000000000e+00
0.000000000000000000e+00
-0.000000000000000000e+00
-0.000000000000000000e+00
-0.000000000000000000e+00
0.000000000000000000e+00
-0.000000000000000000e+00
-0.000000000000000000e+00
-4.701272547245025635e-01
-0.000000000000000000e+00
0.000000000000000000e+00
-0.000000000000000000e+00
-5.320552587509155273e-01
-0.000000000000000000e+00
-0.000000000000000000e+00
0.000000000000000000e+00
-0.000000000000000000e+00
0.000000000000000000e+00
0.000000000000000000e+00
0.000000000000000000e+00
-2.941834330558776855e-01
-6.302596330642700195e-01
6.908048987388610840e-01
-2.124887704849243164e-01
-0.000000000000000000e+00
-0.000000000000000000e+00
0.000000000000000000e+00
0.000000000000000000e+00
-0.000000000000000000e+00
0.000000000000000000e+00
-2.403741329908370972e-01
-0.000000000000000000e+00
-0.000000000000000000e+00
-0.000000000000000000e+00
-2.582309544086456299e-01
-4.882465898990631104e-01
6.779202222824096680e-01
-2.941834330558776855e-01
6.908048987388610840e-01
-4.701272547245025635e-01
-3.303085267543792725e-01
-5.320552587509155273e-01
2.764632999897003174e-01
-6.302596330642700195e-01
-2.508689463138580322e-01
-2.708152830600738525e-01
-2.124887704849243164e-01
-1.863600909709930420e-01
