0.000000000000000000e+00
-0.000000000000000000e+00
0.000000000000000000e+00
-1.007322549819946289e+00
-0.000000000000000000e+00
0.000000000000000000e+00
-4.874905943870544434e-01
-0.000000000000000000e+00
-0.000000000000000000e+00
-0.000000000000000000e+00
0.000000000000000000e+00
3.381195366382598877e-01
-4.086138010025024414e-01
0.000000000000000000e+00
-6.336982250213623047e-01
0.000000000000000000e+00
0.000000000000000000e+00
3.284036219120025635e-01
1.026509702205657959e-01
5.458890199661254883e-01
5.728197097778320312e-01
-8.188542723655700684e-01
-0.000000000000000000e+00
0.000000000000000000e+00
8.443986773490905762e-01
0.000000000000000000e+00
0.000000000000000000e+00
4.213832616806030273e-01
-0.000000000000000000e+00
-0.000000000000000000e+00
2.342598676681518555e+00
-1.055030822753906250e+00
-4.031728580594062805e-02
2.049213498830795288e-01
6.403091549873352051e-01
-4.576581716537475586e-01
3.399223089218139648e-01
2.874779999256134033e-01
-3.582571744918823242e-01
-0.000000000000000000e+00
-0.000000000000000000e+00
6.749615073204040527e-01
1.018992513418197632e-01
8.319019079208374023e-01
-0.000000000000000000e+00
9.162899851799011230e-02
8.301244974136352539e-01
-3.535340130329132080e-01
-7.233102917671203613e-01
-3.301620781421661377e-01
0.000000000000000000e+00
-0.000000000000000000e+00
-1.267810940742492676e+00
-0.000000000000000000e+00
-0.000000000000000000e+00
0.000000000000000000e+00
4.008387029170989990e-01
-0.000000000000000000e+00
0.000000000000000000e+00
-4.562798738479614258e-01
-0.000000000000000000e+00
0.000000000000000000e+00
7.283006906509399414e-01
-4.771966338157653809e-01
0.000000000000000000e+00
0.000000000000000000e+00
-6.539024710655212402e-01
4.958096444606781006e-01
-8.360952734947204590e-01
2.314757257699966431e-01
0.000000000000000000e+00
-5.842586755752563477e-01
-0.000000000000000000e+00
0.000000000000000000e+00
0.000000000000000000e+00
-0.000000000000000000e+00
4.846460521221160889e-01
-0.000000000000000000e+00
0.000000000000000000e+00
-3.833145275712013245e-02
1.998600810766220093e-01
-5.216342806816101074e-01
0.000000000000000000e+00
4.229123294353485107e-01
-0.000000000000000000e+00
0.000000000000000000e+00
0.000000000000000000e+00
-1.012079477310180664e+00
-0.000000000000000000e+00
6.753098964691162109e-02
4.697410017251968384e-02
5.684782862663269043e-01
-2.531518936157226562e-01
-6.428187340497970581e-02
-0.000000000000000000e+00
1.154994219541549683e-01
0.000000000000000000e+00
-9.979838132858276367e-02
-3.205530941486358643e-01
-3.535767793655395508e-01
6.403091549873352051e-01
-6.428187340497970581e-02
8.443986773490905762e-01
-1.007322549819946289e+00
-1.267810940742492676e+00
