0.000000000000000000e+00
3.667124509811401367e-01
-0.000000000000000000e+00
-2.738318741321563721e-01
0.000000000000000000e+00
1.342124700546264648e+00
-8.265301585197448730e-01
-0.000000000000000000e+00
0.000000000000000000e+00
-0.000000000000000000e+00
-0.000000000000000000e+00
1.323528885841369629e-01
0.000000000000000000e+00
2.558460831642150879e-01
-0.000000000000000000e+00
-2.769167125225067139e-01
-0.000000000000000000e+00
0.000000000000000000e+00
-2.319940924644470215e-01
0.000000000000000000e+00
-0.000000000000000000e+00
3.298388421535491943e-01
3.918132185935974121e-01
0.000000000000000000e+00
2.479733824729919434e-01
-0.000000000000000000e+00
8.070532083511352539e-01
0.000000000000000000e+00
-5.794733166694641113e-01
-0.000000000000000000e+00
3.851645290851593018e-01
8.282695412635803223e-01
-7.589642703533172607e-02
-0.000000000000000000e+00
0.000000000000000000e+00
4.076352417469024658e-01
-0.000000000000000000e+00
-0.000000000000000000e+00
-3.901321887969970703e-01
-3.041320741176605225e-01
0.000000000000000000e+00
-7.455130815505981445e-01
-0.000000000000000000e+00
-7.889100313186645508e-01
-0.000000000000000000e+00
7.729263901710510254e-01
8.127060532569885254e-01
-0.000000000000000000e+00
-7.398580014705657959e-02
1.983329802751541138e-01
3.370492160320281982e-01
0.000000000000000000e+00
0.000000000000000000e+00
1.462045162916183472e-01
0.000000000000000000e+00
0.000000000000000000e+00
2.791326940059661865e-01
8.404555916786193848e-01
-0.000000000000000000e+00
-0.000000000000000000e+00
5.503442287445068359e-01
-0.000000000000000000e+00
-4.201572239398956299e-01
-0.000000000000000000e+00
-0.000000000000000000e+00
4.610432684421539307e-01
0.000000000000000000e+00
0.000000000000000000e+00
0.000000000000000000e+00
2.169407844543457031e+00
5.231699347496032715e-01
7.275550961494445801e-01
-0.000000000000000000e+00
-2.243522852659225464e-01
8.346160054206848145e-01
5.536316037178039551e-01
-4.806519448757171631e-01
-0.000000000000000000e+00
0.000000000000000000e+00
2.050847858190536499e-01
-0.000000000000000000e+00
4.969259202480316162e-01
0.000000000000000000e+00
0.000000000000000000e+00
-0.000000000000000000e+00
-5.417869091033935547e-01
-5.302506089210510254e-01
-6.129153966903686523e-01
-0.000000000000000000e+00
-0.000000000000000000e+00
5.268727540969848633e-01
0.000000000000000000e+00
5.155705809593200684e-01
-3.113317489624023438e-01
0.000000000000000000e+00
-3.616452813148498535e-01
-0.000000000000000000e+00
0.000000000000000000e+00
-1.149614900350570679e-01
-8.069918155670166016e-01
3.667124509811401367e-01
1.342124700546264648e+00
-2.769167125225067139e-01
7.729263901710510254e-01
-7.398580014705657959e-02
5.231699347496032715e-01
4.969259202480316162e-01
