-0.000000000000000000e+00
2.175286561250686646e-01
-3.577420413494110107e-01
0.000000000000000000e+00
-0.000000000000000000e+00
0.000000000000000000e+00
-1.819874346256256104e-01
-0.000000000000000000e+00
-0.000000000000000000e+00
-0.000000000000000000e+00
0.000000000000000000e+00
0.000000000000000000e+00
0.000000000000000000e+00
-0.000000000000000000e+00
-3.019352257251739502e-01
-4.658522307872772217e-01
-0.000000000000000000e+00
0.000000000000000000e+00
0.000000000000000000e+00
0.000000000000000000e+00
-0.000000000000000000e+00
0.000000000000000000e+00
-0.000000000000000000e+00
0.000000000000000000e+00
-0.000000000000000000e+00
-0.000000000000000000e+00
-0.000000000000000000e+00
-0.000000000000000000e+00
0.000000000000000000e+00
0.000000000000000000e+00
-2.136026471853256226e-01
0.000000000000000000e+00
-0.000000000000000000e+00
0.000000000000000000e+00
2.037552446126937866e-01
-0.000000000000000000e+00
-0.000000000000000000e+00
0.000000000000000000e+00
2.206677794456481934e-01
-0.000000000000000000e+00
0.000000000000000000e+00
3.805878162384033203e-01
2.943843901157379150e-01
-0.000000000000000000e+00
-0.000000000000000000e+00
0.000000000000000000e+00
-0.000000000000000000e+00
0.000000000000000000e+00
-0.000000000000000000e+00
-0.000000000000000000e+00
-0.000000000000000000e+00
2.566121518611907959e-01
-0.000000000000000000e+00
-0.000000000000000000e+00
-0.000000000000000000e+00
-8.170391619205474854e-02
-0.000000000000000000e+00
-0.000000000000000000e+00
0.000000000000000000e+00
0.000000000000000000e+00
-0.000000000000000000e+00
0.000000000000000000e+00
5.903915762901306152e-01
0.000000000000000000e+00
0.000000000000000000e+00
0.000000000000000000e+00
0.000000000000000000e+00
0.000000000000000000e+00
-0.000000000000000000e+00
-0.000000000000000000e+00
-0.000000000000000000e+00
0.000000000000000000e+00
-0.000000000000000000e+00
-0.000000000000000000e+00
0.000000000000000000e+00
-0.000000000000000000e+00
0.000000000000000000e+00
-0.000000000000000000e+00
-6.408626437187194824e-01
0.000000000000000000e+00
-0.000000000000000000e+00
-2.936072647571563721e-01
-0.000000000000000000e+00
0.000000000000000000e+00
0.000000000000000000e+00
-0.000000000000000000e+00
-2.976357936859130859e-01
-5.149930119514465332e-01
6.312514543533325195e-01
-2.238701730966567993e-01
-0.000000000000000000e+00
-0.000000000000000000e+00
0.000000000000000000e+00
0.000000000000000000e+00
0.000000000000000000e+00
0.000000000000000000e+00
-2.575923502445220947e-01
-0.000000000000000000e+00
-0.000000000000000000e+00
-0.000000000000000000e+00
-2.976357936859130859e-01
-3.577420413494110107e-01
5.903915762901306152e-01
2.943843901157379150e-01
-1.819874346256256104e-01
-5.149930119514465332e-01
2.566121518611907959e-01
-6.408626437187194824e-01
2.175286561250686646e-01
2.037552446126937866e-01
6.312514543533325195e-01
-2.936072647571563721e-01
-3.019352257251739502e-01
-4.658522307872772217e-01
3.805878162384033203e-01
-2.238701730966567993e-01
-8.170391619205474854e-02
