0.000000000000000000e+00
0.000000000000000000e+00
-3.443576693534851074e-01
-2.472345232963562012e-01
0.000000000000000000e+00
-9.663755297660827637e-01
-4.752956628799438477e-01
4.402881562709808350e-01
0.000000000000000000e+00
2.148137092590332031e-01
-0.000000000000000000e+00
1.783290803432464600e-01
-0.000000000000000000e+00
0.000000000000000000e+00
-5.233276486396789551e-01
-0.000000000000000000e+00
3.476395308971405029e-01
1.299515366554260254e-01
-1.819903969764709473e+00
-9.729041159152984619e-02
0.000000000000000000e+00
7.316173315048217773e-01
0.000000000000000000e+00
-1.931237727403640747e-01
0.000000000000000000e+00
0.000000000000000000e+00
0.000000000000000000e+00
0.000000000000000000e+00
-0.000000000000000000e+00
-0.000000000000000000e+00
-1.331363558769226074e+00
-2.176211625337600708e-01
0.000000000000000000e+00
-7.486903071403503418e-01
1.111468434333801270e+00
0.000000000000000000e+00
0.000000000000000000e+00
-0.000000000000000000e+00
3.891075849533081055e-01
0.000000000000000000e+00
0.000000000000000000e+00
5.247796177864074707e-01
5.564261227846145630e-02
0.000000000000000000e+00
-7.771688103675842285e-01
-0.000000000000000000e+00
0.000000000000000000e+00
-0.000000000000000000e+00
3.036588132381439209e-01
0.000000000000000000e+00
-1.011197209358215332e+00
4.601587355136871338e-01
0.000000000000000000e+00
-7.283427119255065918e-01
-0.000000000000000000e+00
-1.205443263053894043e+00
3.719712495803833008e-01
2.515266835689544678e-01
-0.000000000000000000e+00
-0.000000000000000000e+00
-0.000000000000000000e+00
-0.000000000000000000e+00
1.278881311416625977e+00
0.000000000000000000e+00
-0.000000000000000000e+00
-0.000000000000000000e+00
-2.268581539392471313e-01
-3.051404058933258057e-01
2.516106367111206055e-01
0.000000000000000000e+00
-0.000000000000000000e+00
-0.000000000000000000e+00
0.000000000000000000e+00
-0.000000000000000000e+00
-5.059753656387329102e-01
0.000000000000000000e+00
-0.000000000000000000e+00
6.122263669967651367e-01
-2.177125692367553711e+00
4.545336067676544189e-01
1.840926408767700195e-01
-8.291524648666381836e-01
0.000000000000000000e+00
-2.149656563997268677e-01
-0.000000000000000000e+00
-0.000000000000000000e+00
-2.901745140552520752e-01
-4.519279003143310547e-01
5.684434175491333008e-01
-0.000000000000000000e+00
0.000000000000000000e+00
4.034339785575866699e-01
-0.000000000000000000e+00
-0.000000000000000000e+00
-8.760946989059448242e-01
-0.000000000000000000e+00
-4.943326711654663086e-01
6.922788023948669434e-01
0.000000000000000000e+00
0.000000000000000000e+00
-9.663755297660827637e-01
-1.819903969764709473e+00
5.564261227846145630e-02
1.278881311416625977e+00
