-0.000000000000000000e+00
0.000000000000000000e+00
0.000000000000000000e+00
0.000000000000000000e+00
-0.000000000000000000e+00
0.000000000000000000e+00
-1.868864148855209351e-01
-0.000000000000000000e+00
-0.000000000000000000e+00
0.000000000000000000e+00
0.000000000000000000e+00
0.000000000000000000e+00
-0.000000000000000000e+00
0.000000000000000000e+00
0.000000000000000000e+00
-0.000000000000000000e+00
0.000000000000000000e+00
-0.000000000000000000e+00
-0.000000000000000000e+00
4.918161928653717041e-01
0.000000000000000000e+00
2.326578497886657715e-01
0.000000000000000000e+00
-0.000000000000000000e+00
0.000000000000000000e+00
0.000000000000000000e+00
-0.000000000000000000e+00
-0.000000000000000000e+00
-0.000000000000000000e+00
0.000000000000000000e+00
8.133778348565101624e-03
2.096395939588546753e-01
-0.000000000000000000e+00
0.000000000000000000e+00
-0.000000000000000000e+00
0.000000000000000000e+00
-0.000000000000000000e+00
0.000000000000000000e+00
-0.000000000000000000e+00
-1.803783774375915527e-01
-0.000000000000000000e+00
-6.492231488227844238e-01
0.000000000000000000e+00
-0.000000000000000000e+00
0.000000000000000000e+00
0.000000000000000000e+00
0.000000000000000000e+00
0.000000000000000000e+00
-2.707108557224273682e-01
2.963454425334930420e-01
2.393615245819091797e-01
-0.000000000000000000e+00
-0.000000000000000000e+00
3.826394081115722656e-01
-0.000000000000000000e+00
0.000000000000000000e+00
2.681350111961364746e-01
-0.000000000000000000e+00
0.000000000000000000e+00
-0.000000000000000000e+00
3.572905659675598145e-01
0.000000000000000000e+00
0.000000000000000000e+00
0.000000000000000000e+00
0.000000000000000000e+00
0.000000000000000000e+00
-0.000000000000000000e+00
-0.000000000000000000e+00
-0.000000000000000000e+00
6.294901967048645020e-01
0.000000000000000000e+00
0.000000000000000000e+00
0.000000000000000000e+00
-0.000000000000000000e+00
4.798608720302581787e-01
0.000000000000000000e+00
-4.961173832416534424e-01
0.000000000000000000e+00
-0.000000000000000000e+00
0.000000000000000000e+00
0.000000000000000000e+00
4.921982884407043457e-01
-0.000000000000000000e+00
-0.000000000000000000e+00
0.000000000000000000e+00
-0.000000000000000000e+00
0.000000000000000000e+00
-0.000000000000000000e+00
0.000000000000000000e+00
0.000000000000000000e+00
0.000000000000000000e+00
-0.000000000000000000e+00
3.240706622600555420e-01
-2.824573814868927002e-01
0.000000000000000000e+00
-0.000000000000000000e+00
-0.000000000000000000e+00
-0.000000000000000000e+00
-8.951403200626373291e-02
-0.000000000000000000e+00
6.294901967048645020e-01
-6.492231488227844238e-01
3.572905659675598145e-01
3.240706622600555420e-01
-2.707108557224273682e-01
-1.803783774375915527e-01
-2.824573814868927002e-01
-4.961173832416534424e-01
3.826394081115722656e-01
2.963454425334930420e-01
2.681350111961364746e-01
2.096395939588546753e-01
4.921982884407043457e-01
4.798608720302581787e-01
2.326578497886657715e-01
4.918161928653717041e-01
