-0.000000000000000000e+00
-0.000000000000000000e+00
-2.160684317350387573e-01
0.000000000000000000e+00
-0.000000000000000000e+00
0.000000000000000000e+00
0.000000000000000000e+00
2.169827222824096680e-01
-0.000000000000000000e+00
4.780064523220062256e-01
0.000000000000000000e+00
0.000000000000000000e+00
0.000000000000000000e+00
-0.000000000000000000e+00
-2.987379133701324463e-01
0.000000000000000000e+00
-0.000000000000000000e+00
-0.000000000000000000e+00
0.000000000000000000e+00
0.000000000000000000e+00
-0.000000000000000000e+00
0.000000000000000000e+00
-0.000000000000000000e+00
0.000000000000000000e+00
-0.000000000000000000e+00
-0.000000000000000000e+00
-0.000000000000000000e+00
-0.000000000000000000e+00
-0.000000000000000000e+00
0.000000000000000000e+00
-0.000000000000000000e+00
-0.000000000000000000e+00
-0.000000000000000000e+00
0.000000000000000000e+00
1.942139118909835815e-01
-0.000000000000000000e+00
-0.000000000000000000e+00
0.000000000000000000e+00
2.647165060043334961e-01
5.933988094329833984e-01
0.000000000000000000e+00
-0.000000000000000000e+00
2.802039384841918945e-01
-0.000000000000000000e+00
-3.314518928527832031e-01
0.000000000000000000e+00
-0.000000000000000000e+00
0.000000000000000000e+00
-0.000000000000000000e+00
-0.000000000000000000e+00
-0.000000000000000000e+00
0.000000000000000000e+00
0.000000000000000000e+00
0.000000000000000000e+00
-0.000000000000000000e+00
-1.509468108415603638e-01
-0.000000000000000000e+00
-0.000000000000000000e+00
0.000000000000000000e+00
0.000000000000000000e+00
-0.000000000000000000e+00
0.000000000000000000e+00
0.000000000000000000e+00
-0.000000000000000000e+00
0.000000000000000000e+00
0.000000000000000000e+00
0.000000000000000000e+00
0.000000000000000000e+00
-0.000000000000000000e+00
-0.000000000000000000e+00
-0.000000000000000000e+00
0.000000000000000000e+00
-0.000000000000000000e+00
-0.000000000000000000e+00
-4.568721652030944824e-01
3.853082358837127686e-01
0.000000000000000000e+00
-0.000000000000000000e+00
-5.878925323486328125e-01
-0.000000000000000000e+00
-0.000000000000000000e+00
0.000000000000000000e+00
-0.000000000000000000e+00
-5.611747503280639648e-01
0.000000000000000000e+00
0.000000000000000000e+00
-2.937476933002471924e-01
-5.979296565055847168e-01
-0.000000000000000000e+00
0.000000000000000000e+00
-0.000000000000000000e+00
-0.000000000000000000e+00
0.000000000000000000e+00
0.000000000000000000e+00
7.733123749494552612e-02
0.000000000000000000e+00
0.000000000000000000e+00
-0.000000000000000000e+00
-0.000000000000000000e+00
-0.000000000000000000e+00
5.933988094329833984e-01
-2.937476933002471924e-01
4.780064523220062256e-01
-5.979296565055847168e-01
-2.987379133701324463e-01
3.853082358837127686e-01
-2.160684317350387573e-01
2.802039384841918945e-01
-4.568721652030944824e-01
1.942139118909835815e-01
-1.509468108415603638e-01
-3.314518928527832031e-01
2.169827222824096680e-01
2.647165060043334961e-01
-5.878925323486328125e-01
-5.611747503280639648e-01
