0.000000000000000000e+00
0.000000000000000000e+00
3.932130634784698486e-01
-0.000000000000000000e+00
-0.000000000000000000e+00
0.000000000000000000e+00
-7.505606412887573242e-01
0.000000000000000000e+00
8.782630562782287598e-01
0.000000000000000000e+00
0.000000000000000000e+00
-3.120215237140655518e-01
-1.758986338973045349e-02
3.016934394836425781e-01
0.000000000000000000e+00
0.000000000000000000e+00
0.000000000000000000e+00
-4.125227034091949463e-01
0.000000000000000000e+00
3.823661804199218750e-01
-0.000000000000000000e+00
1.142995357513427734e-01
0.000000000000000000e+00
0.000000000000000000e+00
3.623884320259094238e-01
0.000000000000000000e+00
1.792340278625488281e-01
-3.986958861351013184e-01
0.000000000000000000e+00
0.000000000000000000e+00
-1.417760610580444336e+00
0.000000000000000000e+00
-1.683980524539947510e-01
-0.000000000000000000e+00
-6.514327526092529297e-01
0.000000000000000000e+00
0.000000000000000000e+00
-0.000000000000000000e+00
-4.833776652812957764e-01
-0.000000000000000000e+00
0.000000000000000000e+00
-0.000000000000000000e+00
3.462125062942504883e-01
0.000000000000000000e+00
2.416383326053619385e-01
1.981653124094009399e-01
3.034317493438720703e-01
0.000000000000000000e+00
-0.000000000000000000e+00
-1.263481140136718750e+00
-2.730929255485534668e-01
0.000000000000000000e+00
-8.120443224906921387e-01
8.205757141113281250e-01
0.000000000000000000e+00
3.964570760726928711e-01
1.489145010709762573e-01
-2.496698796749114990e-01
1.698560081422328949e-02
-0.000000000000000000e+00
4.999104142189025879e-01
-4.214980900287628174e-01
2.099391818046569824e-01
-3.600072860717773438e-01
0.000000000000000000e+00
-0.000000000000000000e+00
-3.135873973369598389e-01
-0.000000000000000000e+00
-0.000000000000000000e+00
4.855485856533050537e-01
6.912274956703186035e-01
-2.561907172203063965e-01
7.977662235498428345e-02
0.000000000000000000e+00
-2.754620313644409180e-01
-0.000000000000000000e+00
-0.000000000000000000e+00
-2.120158672332763672e+00
-0.000000000000000000e+00
0.000000000000000000e+00
0.000000000000000000e+00
0.000000000000000000e+00
6.551900506019592285e-01
7.718136310577392578e-01
0.000000000000000000e+00
-0.000000000000000000e+00
4.572120010852813721e-01
-0.000000000000000000e+00
-3.554639518260955811e-01
-3.981497883796691895e-01
-1.133347392082214355e+00
2.015985399484634399e-01
0.000000000000000000e+00
-0.000000000000000000e+00
-2.016755789518356323e-01
-0.000000000000000000e+00
-5.619281157851219177e-02
0.000000000000000000e+00
0.000000000000000000e+00
8.627533316612243652e-01
-4.833776652812957764e-01
-1.263481140136718750e+00
-4.125227034091949463e-01
-5.619281157851219177e-02
-1.417760610580444336e+00
