-0.000000000000000000e+00
0.000000000000000000e+00
-0.000000000000000000e+00
1.956602931022644043e-01
-0.000000000000000000e+00
-0.000000000000000000e+00
0.000000000000000000e+00
-0.000000000000000000e+00
-0.000000000000000000e+00
-0.000000000000000000e+00
0.000000000000000000e+00
2.274340391159057617e-01
-5.316316485404968262e-01
-0.000000000000000000e+00
-0.000000000000000000e+00
-0.000000000000000000e+00
-0.000000000000000000e+00
0.000000000000000000e+00
2.979157567024230957e-01
-0.000000000000000000e+00
0.000000000000000000e+00
0.000000000000000000e+00
0.000000000000000000e+00
0.000000000000000000e+00
0.000000000000000000e+00
-5.506328940391540527e-01
-0.000000000000000000e+00
-1.092505156993865967e-01
0.000000000000000000e+00
-6.282569766044616699e-01
-0.000000000000000000e+00
4.683763086795806885e-01
-0.000000000000000000e+00
0.000000000000000000e+00
-0.000000000000000000e+00
-0.000000000000000000e+00
-3.141461312770843506e-01
0.000000000000000000e+00
-0.000000000000000000e+00
0.000000000000000000e+00
-0.000000000000000000e+00
-0.000000000000000000e+00
2.577911019325256348e-01
0.000000000000000000e+00
0.000000000000000000e+00
0.000000000000000000e+00
0.000000000000000000e+00
0.000000000000000000e+00
0.000000000000000000e+00
0.000000000000000000e+00
-0.000000000000000000e+00
-0.000000000000000000e+00
-0.000000000000000000e+00
0.000000000000000000e+00
-0.000000000000000000e+00
0.000000000000000000e+00
-0.000000000000000000e+00
0.000000000000000000e+00
0.000000000000000000e+00
-0.000000000000000000e+00
-6.738232374191284180e-01
0.000000000000000000e+00
-0.000000000000000000e+00
-0.000000000000000000e+00
0.000000000000000000e+00
0.000000000000000000e+00
-0.000000000000000000e+00
0.000000000000000000e+00
-0.000000000000000000e+00
0.000000000000000000e+00
0.000000000000000000e+00
0.000000000000000000e+00
-0.000000000000000000e+00
-0.000000000000000000e+00
-0.000000000000000000e+00
-0.000000000000000000e+00
-0.000000000000000000e+00
0.000000000000000000e+00
1.521600186824798584e-01
-0.000000000000000000e+00
0.000000000000000000e+00
0.000000000000000000e+00
0.000000000000000000e+00
0.000000000000000000e+00
-3.039619326591491699e-01
2.571980953216552734e-01
-0.000000000000000000e+00
-0.000000000000000000e+00
0.000000000000000000e+00
-4.483048319816589355e-01
-0.000000000000000000e+00
-0.000000000000000000e+00
0.000000000000000000e+00
-0.000000000000000000e+00
-0.000000000000000000e+00
-0.000000000000000000e+00
-0.000000000000000000e+00
-0.000000000000000000e+00
0.000000000000000000e+00
-4.777536392211914062e-01
-3.039619326591491699e-01
-5.506328940391540527e-01
-3.141461312770843506e-01
-6.282569766044616699e-01
-4.777536392211914062e-01
4.683763086795806885e-01
-4.483048319816589355e-01
1.521600186824798584e-01
2.571980953216552734e-01
-5.316316485404968262e-01
-6.738232374191284180e-01
2.274340391159057617e-01
1.956602931022644043e-01
2.979157567024230957e-01
2.577911019325256348e-01
