-1.808012090623378754e-02
-0.000000000000000000e+00
-1.868457794189453125e-01
0.000000000000000000e+00
-0.000000000000000000e+00
0.000000000000000000e+00
0.000000000000000000e+00
0.000000000000000000e+00
2.043031305074691772e-01
-0.000000000000000000e+00
-2.635470926761627197e-01
2.962416112422943115e-01
-9.937182664871215820e-01
0.000000000000000000e+00
-3.338459730148315430e-01
3.035981059074401855e-01
-3.260808587074279785e-01
4.244669079780578613e-01
0.000000000000000000e+00
5.010405182838439941e-01
3.698824644088745117e-01
-6.999780535697937012e-01
3.194598257541656494e-01
-9.903603047132492065e-02
1.518384933471679688e+00
-0.000000000000000000e+00
-2.027050256729125977e-01
0.000000000000000000e+00
-0.000000000000000000e+00
7.566478103399276733e-02
2.453945398330688477e+00
-0.000000000000000000e+00
-0.000000000000000000e+00
-0.000000000000000000e+00
9.115411639213562012e-01
-5.014593601226806641e-01
-0.000000000000000000e+00
4.683652520179748535e-01
-4.521749317646026611e-01
-0.000000000000000000e+00
-0.000000000000000000e+00
6.737133860588073730e-01
4.798781871795654297e-01
1.034296154975891113e+00
-0.000000000000000000e+00
3.933640718460083008e-01
-0.000000000000000000e+00
-0.000000000000000000e+00
-2.369032353162765503e-01
0.000000000000000000e+00
0.000000000000000000e+00
-3.293433189392089844e-01
-1.369342565536499023e+00
-0.000000000000000000e+00
-0.000000000000000000e+00
2.482432499527931213e-02
3.528585433959960938e-01
7.972802966833114624e-02
-4.557295739650726318e-01
-4.432196915149688721e-01
1.526367664337158203e-01
-3.942074179649353027e-01
9.057515263557434082e-01
-4.648272395133972168e-01
0.000000000000000000e+00
0.000000000000000000e+00
-8.941735029220581055e-01
4.635185301303863525e-01
-9.105854630470275879e-01
-0.000000000000000000e+00
-0.000000000000000000e+00
-8.158478140830993652e-01
-0.000000000000000000e+00
0.000000000000000000e+00
1.466830968856811523e-01
0.000000000000000000e+00
5.051984786987304688e-01
4.066488146781921387e-01
0.000000000000000000e+00
0.000000000000000000e+00
3.199287652969360352e-01
-2.580894827842712402e-01
0.000000000000000000e+00
3.388572931289672852e-01
-0.000000000000000000e+00
-9.060256183147430420e-02
0.000000000000000000e+00
-1.023395061492919922e+00
-0.000000000000000000e+00
8.535127341747283936e-02
-0.000000000000000000e+00
2.284242063760757446e-01
0.000000000000000000e+00
-7.509825378656387329e-02
-0.000000000000000000e+00
1.442684531211853027e-01
0.000000000000000000e+00
0.000000000000000000e+00
-8.954560756683349609e-01
-5.417157411575317383e-01
9.115411639213562012e-01
-1.369342565536499023e+00
-7.509825378656387329e-02
1.518384933471679688e+00
