-0.000000000000000000e+00
-0.000000000000000000e+00
0.000000000000000000e+00
-2.858312726020812988e-01
-0.000000000000000000e+00
0.000000000000000000e+00
-2.035939246416091919e-01
2.101037651300430298e-01
-0.000000000000000000e+00
2.506020665168762207e-01
0.000000000000000000e+00
0.000000000000000000e+00
0.000000000000000000e+00
-0.000000000000000000e+00
-3.699223399162292480e-01
0.000000000000000000e+00
-0.000000000000000000e+00
-0.000000000000000000e+00
0.000000000000000000e+00
0.000000000000000000e+00
-0.000000000000000000e+00
0.000000000000000000e+00
-0.000000000000000000e+00
0.000000000000000000e+00
-0.000000000000000000e+00
-0.000000000000000000e+00
-0.000000000000000000e+00
-0.000000000000000000e+00
-0.000000000000000000e+00
0.000000000000000000e+00
-1.992135196924209595e-01
0.000000000000000000e+00
-0.000000000000000000e+00
0.000000000000000000e+00
2.323104739189147949e-01
-0.000000000000000000e+00
-0.000000000000000000e+00
0.000000000000000000e+00
2.229951620101928711e-01
-0.000000000000000000e+00
0.000000000000000000e+00
4.373339414596557617e-01
2.759289443492889404e-01
-0.000000000000000000e+00
-2.034984827041625977e-01
0.000000000000000000e+00
-0.000000000000000000e+00
0.000000000000000000e+00
-0.000000000000000000e+00
-0.000000000000000000e+00
0.000000000000000000e+00
2.894797623157501221e-01
0.000000000000000000e+00
-0.000000000000000000e+00
-0.000000000000000000e+00
-0.000000000000000000e+00
-0.000000000000000000e+00
-0.000000000000000000e+00
0.000000000000000000e+00
0.000000000000000000e+00
-5.424464866518974304e-02
0.000000000000000000e+00
5.357154607772827148e-01
2.832990288734436035e-01
0.000000000000000000e+00
0.000000000000000000e+00
0.000000000000000000e+00
0.000000000000000000e+00
-0.000000000000000000e+00
-0.000000000000000000e+00
-0.000000000000000000e+00
0.000000000000000000e+00
-0.000000000000000000e+00
-0.000000000000000000e+00
-4.571092724800109863e-01
-0.000000000000000000e+00
0.000000000000000000e+00
-0.000000000000000000e+00
-5.882909297943115234e-01
0.000000000000000000e+00
-0.000000000000000000e+00
-0.000000000000000000e+00
-0.000000000000000000e+00
0.000000000000000000e+00
0.000000000000000000e+00
0.000000000000000000e+00
0.000000000000000000e+00
-3.986793160438537598e-01
5.618180632591247559e-01
0.000000000000000000e+00
-0.000000000000000000e+00
-0.000000000000000000e+00
0.000000000000000000e+00
0.000000000000000000e+00
0.000000000000000000e+00
0.000000000000000000e+00
0.000000000000000000e+00
4.153370261192321777e-01
-0.000000000000000000e+00
-0.000000000000000000e+00
-2.858312726020812988e-01
-5.882909297943115234e-01
4.373339414596557617e-01
5.357154607772827148e-01
2.759289443492889404e-01
-3.986793160438537598e-01
4.153370261192321777e-01
-2.034984827041625977e-01
2.506020665168762207e-01
2.894797623157501221e-01
-4.571092724800109863e-01
2.323104739189147949e-01
5.618180632591247559e-01
-3.699223399162292480e-01
2.101037651300430298e-01
-2.035939246416091919e-01
