-0.000000000000000000e+00
7.375667691230773926e-01
-3.892263770103454590e-01
-0.000000000000000000e+00
0.000000000000000000e+00
-0.000000000000000000e+00
-5.049334168434143066e-01
0.000000000000000000e+00
0.000000000000000000e+00
3.273408710956573486e-01
-0.000000000000000000e+00
1.722904592752456665e-01
-0.000000000000000000e+00
0.000000000000000000e+00
-7.957470417022705078e-01
-0.000000000000000000e+00
2.456683963537216187e-01
0.000000000000000000e+00
-1.139054417610168457e+00
-4.170312583446502686e-01
0.000000000000000000e+00
6.038503050804138184e-01
0.000000000000000000e+00
-0.000000000000000000e+00
0.000000000000000000e+00
-0.000000000000000000e+00
1.223851919174194336e+00
0.000000000000000000e+00
-0.000000000000000000e+00
-0.000000000000000000e+00
-5.092906355857849121e-01
0.000000000000000000e+00
1.314244568347930908e-01
-0.000000000000000000e+00
8.221890330314636230e-01
0.000000000000000000e+00
0.000000000000000000e+00
-0.000000000000000000e+00
3.553590476512908936e-01
0.000000000000000000e+00
-7.328939437866210938e-01
4.458711445331573486e-01
5.883099511265754700e-02
0.000000000000000000e+00
0.000000000000000000e+00
-0.000000000000000000e+00
0.000000000000000000e+00
-3.821132481098175049e-01
4.393613338470458984e-01
0.000000000000000000e+00
-7.821910977363586426e-01
4.624631404876708984e-01
0.000000000000000000e+00
-1.852888613939285278e-01
0.000000000000000000e+00
-1.606857776641845703e+00
3.491544425487518311e-01
1.423543542623519897e-01
-0.000000000000000000e+00
-2.538110315799713135e-01
-0.000000000000000000e+00
-1.111682772636413574e+00
1.344520092010498047e+00
0.000000000000000000e+00
-0.000000000000000000e+00
-3.771231472492218018e-01
-0.000000000000000000e+00
-0.000000000000000000e+00
3.552944213151931763e-02
0.000000000000000000e+00
0.000000000000000000e+00
-0.000000000000000000e+00
0.000000000000000000e+00
3.301055729389190674e-01
-5.430247783660888672e-01
0.000000000000000000e+00
-0.000000000000000000e+00
0.000000000000000000e+00
-2.015718460083007812e+00
0.000000000000000000e+00
0.000000000000000000e+00
-5.844936966896057129e-01
0.000000000000000000e+00
-2.961574792861938477e-01
-0.000000000000000000e+00
-0.000000000000000000e+00
-4.780194461345672607e-01
-6.926155090332031250e-02
5.947355031967163086e-01
-3.345405161380767822e-01
0.000000000000000000e+00
5.997396111488342285e-01
-0.000000000000000000e+00
-0.000000000000000000e+00
-4.008780121803283691e-01
-0.000000000000000000e+00
-5.981246232986450195e-01
1.976378709077835083e-01
0.000000000000000000e+00
0.000000000000000000e+00
1.344520092010498047e+00
-1.139054417610168457e+00
5.883099511265754700e-02
-1.111682772636413574e+00
