0.000000000000000000e+00
-0.000000000000000000e+00
-2.833139896392822266e-01
0.000000000000000000e+00
-0.000000000000000000e+00
0.000000000000000000e+00
0.000000000000000000e+00
-0.000000000000000000e+00
-0.000000000000000000e+00
2.370837181806564331e-01
0.000000000000000000e+00
0.000000000000000000e+00
0.000000000000000000e+00
-0.000000000000000000e+00
-3.240280151367187500e-01
0.000000000000000000e+00
-0.000000000000000000e+00
-0.000000000000000000e+00
0.000000000000000000e+00
0.000000000000000000e+00
-0.000000000000000000e+00
-0.000000000000000000e+00
-0.000000000000000000e+00
0.000000000000000000e+00
1.794221848249435425e-01
-0.000000000000000000e+00
-0.000000000000000000e+00
-0.000000000000000000e+00
0.000000000000000000e+00
0.000000000000000000e+00
-0.000000000000000000e+00
0.000000000000000000e+00
-0.000000000000000000e+00
0.000000000000000000e+00
5.602515339851379395e-01
-0.000000000000000000e+00
-0.000000000000000000e+00
0.000000000000000000e+00
2.712546288967132568e-01
-0.000000000000000000e+00
-0.000000000000000000e+00
1.039814427495002747e-01
2.877048254013061523e-01
-0.000000000000000000e+00
-2.016295343637466431e-01
0.000000000000000000e+00
-0.000000000000000000e+00
0.000000000000000000e+00
-0.000000000000000000e+00
-0.000000000000000000e+00
-8.202998340129852295e-02
-0.000000000000000000e+00
0.000000000000000000e+00
-0.000000000000000000e+00
-0.000000000000000000e+00
0.000000000000000000e+00
-0.000000000000000000e+00
-0.000000000000000000e+00
0.000000000000000000e+00
0.000000000000000000e+00
0.000000000000000000e+00
0.000000000000000000e+00
4.277024567127227783e-01
-0.000000000000000000e+00
0.000000000000000000e+00
0.000000000000000000e+00
-0.000000000000000000e+00
0.000000000000000000e+00
-0.000000000000000000e+00
-0.000000000000000000e+00
-0.000000000000000000e+00
0.000000000000000000e+00
-0.000000000000000000e+00
-0.000000000000000000e+00
-4.469637572765350342e-01
-0.000000000000000000e+00
0.000000000000000000e+00
-0.000000000000000000e+00
-6.887186169624328613e-01
2.051673233509063721e-01
-0.000000000000000000e+00
0.000000000000000000e+00
-0.000000000000000000e+00
-3.416953980922698975e-01
0.000000000000000000e+00
0.000000000000000000e+00
-3.082970082759857178e-01
-3.420356810092926025e-01
5.425946116447448730e-01
-2.337538599967956543e-01
-0.000000000000000000e+00
-0.000000000000000000e+00
0.000000000000000000e+00
0.000000000000000000e+00
0.000000000000000000e+00
0.000000000000000000e+00
-3.017448782920837402e-01
-0.000000000000000000e+00
-0.000000000000000000e+00
-0.000000000000000000e+00
4.277024567127227783e-01
-3.082970082759857178e-01
2.877048254013061523e-01
1.039814427495002747e-01
2.051673233509063721e-01
5.602515339851379395e-01
-3.420356810092926025e-01
-2.833139896392822266e-01
-2.016295343637466431e-01
-3.240280151367187500e-01
-3.416953980922698975e-01
-6.887186169624328613e-01
-4.469637572765350342e-01
2.370837181806564331e-01
5.425946116447448730e-01
-2.337538599967956543e-01
2.712546288967132568e-01
-8.202998340129852295e-02
-3.017448782920837402e-01
