-2.822700142860412598e-01
-0.000000000000000000e+00
0.000000000000000000e+00
-6.499316096305847168e-01
7.195348739624023438e-01
-4.545026123523712158e-01
-2.773553133010864258e-01
-2.758386358618736267e-02
-0.000000000000000000e+00
4.705331847071647644e-02
0.000000000000000000e+00
4.774365425109863281e-01
-7.429723739624023438e-01
0.000000000000000000e+00
-9.936792403459548950e-02
3.769639134407043457e-01
-1.385241150856018066e-01
3.979971706867218018e-01
5.895832777023315430e-01
5.145711302757263184e-01
4.391810595989227295e-01
0.000000000000000000e+00
-0.000000000000000000e+00
0.000000000000000000e+00
1.466681957244873047e+00
0.000000000000000000e+00
-2.426375746726989746e-01
9.534409642219543457e-01
-0.000000000000000000e+00
-0.000000000000000000e+00
2.046518564224243164e+00
0.000000000000000000e+00
0.000000000000000000e+00
1.876712590456008911e-01
2.963318116962909698e-02
-2.415391057729721069e-01
-0.000000000000000000e+00
7.731678485870361328e-01
-5.871991515159606934e-01
-0.000000000000000000e+00
-0.000000000000000000e+00
6.704124808311462402e-01
-0.000000000000000000e+00
8.100408315658569336e-01
-0.000000000000000000e+00
0.000000000000000000e+00
3.719038367271423340e-01
-0.000000000000000000e+00
-2.173974215984344482e-01
-1.807336211204528809e-01
-7.056923955678939819e-02
0.000000000000000000e+00
0.000000000000000000e+00
1.029782891273498535e+00
-0.000000000000000000e+00
2.601179778575897217e-01
2.922290563583374023e-01
0.000000000000000000e+00
0.000000000000000000e+00
-6.383201479911804199e-01
-0.000000000000000000e+00
-0.000000000000000000e+00
6.249755024909973145e-01
-6.638925075531005859e-01
0.000000000000000000e+00
0.000000000000000000e+00
-6.807098388671875000e-01
4.157673120498657227e-01
-8.276834487915039062e-01
-0.000000000000000000e+00
2.668927907943725586e-01
-2.310452163219451904e-01
-0.000000000000000000e+00
0.000000000000000000e+00
2.338827550411224365e-01
-0.000000000000000000e+00
5.232484936714172363e-01
-0.000000000000000000e+00
0.000000000000000000e+00
-1.247248426079750061e-01
-0.000000000000000000e+00
-4.349359571933746338e-01
0.000000000000000000e+00
0.000000000000000000e+00
1.309570968151092529e-01
0.000000000000000000e+00
0.000000000000000000e+00
-4.843871295452117920e-01
-0.000000000000000000e+00
-0.000000000000000000e+00
0.000000000000000000e+00
2.317288666963577271e-01
-4.746234416961669922e-01
-6.335186213254928589e-02
0.000000000000000000e+00
7.457125186920166016e-02
0.000000000000000000e+00
0.000000000000000000e+00
0.000000000000000000e+00
-6.138957738876342773e-01
1.466681957244873047e+00
-6.499316096305847168e-01
2.668927907943725586e-01
-6.335186213254928589e-02
1.029782891273498535e+00
