0.000000000000000000e+00
-0.000000000000000000e+00
0.000000000000000000e+00
0.000000000000000000e+00
-0.000000000000000000e+00
0.000000000000000000e+00
0.000000000000000000e+00
-0.000000000000000000e+00
-0.000000000000000000e+00
1.748358011245727539e-01
0.000000000000000000e+00
0.000000000000000000e+00
0.000000000000000000e+00
-0.000000000000000000e+00
-4.027487933635711670e-01
0.000000000000000000e+00
-0.000000000000000000e+00
-0.000000000000000000e+00
0.000000000000000000e+00
0.000000000000000000e+00
-0.000000000000000000e+00
0.000000000000000000e+00
-0.000000000000000000e+00
0.000000000000000000e+00
-0.000000000000000000e+00
-0.000000000000000000e+00
-0.000000000000000000e+00
-0.000000000000000000e+00
-0.000000000000000000e+00
0.000000000000000000e+00
-0.000000000000000000e+00
0.000000000000000000e+00
-0.000000000000000000e+00
0.000000000000000000e+00
1.859534382820129395e-01
-0.000000000000000000e+00
-0.000000000000000000e+00
0.000000000000000000e+00
2.627246379852294922e-01
-0.000000000000000000e+00
-0.000000000000000000e+00
-0.000000000000000000e+00
2.729759216308593750e-01
-0.000000000000000000e+00
0.000000000000000000e+00
0.000000000000000000e+00
-0.000000000000000000e+00
0.000000000000000000e+00
-0.000000000000000000e+00
-0.000000000000000000e+00
-1.550809592008590698e-01
-0.000000000000000000e+00
0.000000000000000000e+00
0.000000000000000000e+00
-0.000000000000000000e+00
-1.308900117874145508e-01
3.422826528549194336e-01
3.332308232784271240e-01
0.000000000000000000e+00
-4.206659197807312012e-01
-0.000000000000000000e+00
0.000000000000000000e+00
-0.000000000000000000e+00
3.238257467746734619e-01
0.000000000000000000e+00
-0.000000000000000000e+00
0.000000000000000000e+00
0.000000000000000000e+00
-0.000000000000000000e+00
-0.000000000000000000e+00
0.000000000000000000e+00
0.000000000000000000e+00
-0.000000000000000000e+00
4.705485701560974121e-01
0.000000000000000000e+00
-0.000000000000000000e+00
0.000000000000000000e+00
-0.000000000000000000e+00
-6.833562850952148438e-01
-0.000000000000000000e+00
-0.000000000000000000e+00
-3.926742672920227051e-01
-0.000000000000000000e+00
-6.965176463127136230e-01
0.000000000000000000e+00
0.000000000000000000e+00
-2.790141999721527100e-01
-5.068028569221496582e-01
-0.000000000000000000e+00
0.000000000000000000e+00
-0.000000000000000000e+00
2.252653986215591431e-01
0.000000000000000000e+00
0.000000000000000000e+00
0.000000000000000000e+00
0.000000000000000000e+00
0.000000000000000000e+00
-0.000000000000000000e+00
-0.000000000000000000e+00
-0.000000000000000000e+00
-4.027487933635711670e-01
4.705485701560974121e-01
1.748358011245727539e-01
3.238257467746734619e-01
3.332308232784271240e-01
-4.206659197807312012e-01
-1.308900117874145508e-01
2.252653986215591431e-01
2.729759216308593750e-01
-2.790141999721527100e-01
3.422826528549194336e-01
1.859534382820129395e-01
-6.833562850952148438e-01
-5.068028569221496582e-01
-6.965176463127136230e-01
2.627246379852294922e-01
-3.926742672920227051e-01
