-0.000000000000000000e+00
-0.000000000000000000e+00
0.000000000000000000e+00
0.000000000000000000e+00
-0.000000000000000000e+00
0.000000000000000000e+00
-1.903730928897857666e-01
2.273337543010711670e-01
-0.000000000000000000e+00
2.696341574192047119e-01
0.000000000000000000e+00
0.000000000000000000e+00
-0.000000000000000000e+00
-0.000000000000000000e+00
-4.679296314716339111e-01
0.000000000000000000e+00
-0.000000000000000000e+00
-0.000000000000000000e+00
0.000000000000000000e+00
0.000000000000000000e+00
-0.000000000000000000e+00
0.000000000000000000e+00
-0.000000000000000000e+00
0.000000000000000000e+00
2.816396355628967285e-01
-0.000000000000000000e+00
-0.000000000000000000e+00
-0.000000000000000000e+00
0.000000000000000000e+00
0.000000000000000000e+00
-0.000000000000000000e+00
-0.000000000000000000e+00
-0.000000000000000000e+00
0.000000000000000000e+00
2.272036671638488770e-01
2.844740152359008789e-01
-0.000000000000000000e+00
0.000000000000000000e+00
2.313696295022964478e-01
-0.000000000000000000e+00
-0.000000000000000000e+00
-0.000000000000000000e+00
3.231438994407653809e-01
-0.000000000000000000e+00
-0.000000000000000000e+00
0.000000000000000000e+00
-0.000000000000000000e+00
0.000000000000000000e+00
3.012559711933135986e-01
-0.000000000000000000e+00
-2.027192711830139160e-01
0.000000000000000000e+00
0.000000000000000000e+00
0.000000000000000000e+00
-0.000000000000000000e+00
0.000000000000000000e+00
-0.000000000000000000e+00
-0.000000000000000000e+00
0.000000000000000000e+00
0.000000000000000000e+00
0.000000000000000000e+00
0.000000000000000000e+00
7.728920578956604004e-01
-0.000000000000000000e+00
0.000000000000000000e+00
-0.000000000000000000e+00
0.000000000000000000e+00
-4.263003170490264893e-01
4.943935871124267578e-01
-0.000000000000000000e+00
-0.000000000000000000e+00
0.000000000000000000e+00
-0.000000000000000000e+00
-0.000000000000000000e+00
0.000000000000000000e+00
-0.000000000000000000e+00
0.000000000000000000e+00
-0.000000000000000000e+00
-6.875715851783752441e-01
-0.000000000000000000e+00
-0.000000000000000000e+00
-0.000000000000000000e+00
-0.000000000000000000e+00
-4.738034307956695557e-01
0.000000000000000000e+00
0.000000000000000000e+00
-2.930679917335510254e-01
-4.651641845703125000e-01
-0.000000000000000000e+00
0.000000000000000000e+00
-0.000000000000000000e+00
-0.000000000000000000e+00
0.000000000000000000e+00
0.000000000000000000e+00
0.000000000000000000e+00
0.000000000000000000e+00
0.000000000000000000e+00
-0.000000000000000000e+00
-0.000000000000000000e+00
-0.000000000000000000e+00
-2.930679917335510254e-01
3.231438994407653809e-01
-4.263003170490264893e-01
-4.651641845703125000e-01
-1.903730928897857666e-01
-6.875715851783752441e-01
2.816396355628967285e-01
2.844740152359008789e-01
-4.679296314716339111e-01
2.273337543010711670e-01
2.696341574192047119e-01
3.012559711933135986e-01
4.943935871124267578e-01
7.728920578956604004e-01
-4.738034307956695557e-01
