-0.000000000000000000e+00
-0.000000000000000000e+00
0.000000000000000000e+00
-2.744578123092651367e-01
-0.000000000000000000e+00
0.000000000000000000e+00
-1.948572844266891479e-01
2.054670006036758423e-01
-0.000000000000000000e+00
-0.000000000000000000e+00
0.000000000000000000e+00
0.000000000000000000e+00
0.000000000000000000e+00
-0.000000000000000000e+00
-3.811886906623840332e-01
0.000000000000000000e+00
-0.000000000000000000e+00
-0.000000000000000000e+00
-2.885256409645080566e-01
0.000000000000000000e+00
-0.000000000000000000e+00
0.000000000000000000e+00
-0.000000000000000000e+00
0.000000000000000000e+00
-0.000000000000000000e+00
-0.000000000000000000e+00
-0.000000000000000000e+00
-0.000000000000000000e+00
-0.000000000000000000e+00
0.000000000000000000e+00
-2.233530431985855103e-01
-0.000000000000000000e+00
-0.000000000000000000e+00
-2.058667242527008057e-01
2.108404934406280518e-01
-0.000000000000000000e+00
-0.000000000000000000e+00
0.000000000000000000e+00
2.027315199375152588e-01
-0.000000000000000000e+00
-0.000000000000000000e+00
5.030228495597839355e-01
2.615420818328857422e-01
-0.000000000000000000e+00
-2.979272902011871338e-01
0.000000000000000000e+00
-0.000000000000000000e+00
0.000000000000000000e+00
-0.000000000000000000e+00
-0.000000000000000000e+00
-0.000000000000000000e+00
2.519881129264831543e-01
-0.000000000000000000e+00
-0.000000000000000000e+00
0.000000000000000000e+00
-1.060448884963989258e-01
-0.000000000000000000e+00
-0.000000000000000000e+00
0.000000000000000000e+00
0.000000000000000000e+00
-2.336509153246879578e-02
0.000000000000000000e+00
-0.000000000000000000e+00
-0.000000000000000000e+00
0.000000000000000000e+00
0.000000000000000000e+00
-0.000000000000000000e+00
0.000000000000000000e+00
-0.000000000000000000e+00
-0.000000000000000000e+00
-0.000000000000000000e+00
0.000000000000000000e+00
-0.000000000000000000e+00
0.000000000000000000e+00
-4.737624526023864746e-01
-0.000000000000000000e+00
0.000000000000000000e+00
-0.000000000000000000e+00
-5.899661779403686523e-01
-0.000000000000000000e+00
-0.000000000000000000e+00
-3.310119509696960449e-01
-0.000000000000000000e+00
0.000000000000000000e+00
0.000000000000000000e+00
0.000000000000000000e+00
0.000000000000000000e+00
-4.830180406570434570e-01
7.822775840759277344e-01
0.000000000000000000e+00
-0.000000000000000000e+00
-0.000000000000000000e+00
0.000000000000000000e+00
0.000000000000000000e+00
0.000000000000000000e+00
0.000000000000000000e+00
-2.570886313915252686e-01
-0.000000000000000000e+00
-0.000000000000000000e+00
-0.000000000000000000e+00
2.519881129264831543e-01
7.822775840759277344e-01
0.000000000000000000e+00
-2.979272902011871338e-01
2.615420818328857422e-01
-4.830180406570434570e-01
-2.058667242527008057e-01
5.030228495597839355e-01
-3.310119509696960449e-01
-2.885256409645080566e-01
2.108404934406280518e-01
-3.811886906623840332e-01
-4.737624526023864746e-01
-5.899661779403686523e-01
-2.744578123092651367e-01
2.054670006036758423e-01
-1.948572844266891479e-01
-1.060448884963989258e-01
