0.000000000000000000e+00
0.000000000000000000e+00
-4.687239229679107666e-01
-5.333219170570373535e-01
-0.000000000000000000e+00
0.000000000000000000e+00
-6.304992437362670898e-01
-2.451793663203716278e-02
-0.000000000000000000e+00
6.774093955755233765e-02
0.000000000000000000e+00
5.979501605033874512e-01
-6.390084028244018555e-01
0.000000000000000000e+00
-4.183234274387359619e-01
4.892483651638031006e-01
-8.233544230461120605e-01
6.688483357429504395e-01
0.000000000000000000e+00
4.453585445880889893e-01
3.916279375553131104e-01
-1.331212520599365234e+00
0.000000000000000000e+00
0.000000000000000000e+00
1.715750932693481445e+00
0.000000000000000000e+00
-1.320220828056335449e-01
0.000000000000000000e+00
1.270329952239990234e-01
-0.000000000000000000e+00
2.155127763748168945e+00
-5.675272345542907715e-01
0.000000000000000000e+00
-0.000000000000000000e+00
0.000000000000000000e+00
-4.340147674083709717e-01
0.000000000000000000e+00
0.000000000000000000e+00
-5.818179249763488770e-01
-0.000000000000000000e+00
-0.000000000000000000e+00
5.881867408752441406e-01
1.235388442873954773e-01
4.415465295314788818e-01
-0.000000000000000000e+00
2.134645730257034302e-01
-0.000000000000000000e+00
-0.000000000000000000e+00
-3.600336015224456787e-01
0.000000000000000000e+00
0.000000000000000000e+00
-7.548421025276184082e-01
-6.186076998710632324e-01
-0.000000000000000000e+00
-0.000000000000000000e+00
0.000000000000000000e+00
2.502362132072448730e-01
1.286432296037673950e-01
-3.245871365070343018e-01
-3.988000452518463135e-01
4.154410064220428467e-01
-4.794267117977142334e-01
6.671354174613952637e-01
-4.589659273624420166e-01
0.000000000000000000e+00
0.000000000000000000e+00
0.000000000000000000e+00
3.939954340457916260e-01
-9.224416017532348633e-01
-0.000000000000000000e+00
-0.000000000000000000e+00
-1.551362276077270508e-01
-0.000000000000000000e+00
0.000000000000000000e+00
1.461872458457946777e-01
0.000000000000000000e+00
3.409286439418792725e-01
4.172134101390838623e-01
-0.000000000000000000e+00
0.000000000000000000e+00
-0.000000000000000000e+00
-5.373707413673400879e-01
0.000000000000000000e+00
6.312118172645568848e-01
-0.000000000000000000e+00
0.000000000000000000e+00
0.000000000000000000e+00
-1.019147992134094238e+00
-0.000000000000000000e+00
-0.000000000000000000e+00
0.000000000000000000e+00
9.560630321502685547e-01
-3.609311282634735107e-01
-6.690824031829833984e-02
-0.000000000000000000e+00
8.757855743169784546e-02
0.000000000000000000e+00
-2.177735231816768646e-02
0.000000000000000000e+00
-5.171888470649719238e-01
-5.333219170570373535e-01
-6.690824031829833984e-02
-5.675272345542907715e-01
1.715750932693481445e+00
-6.186076998710632324e-01
