-0.000000000000000000e+00
-0.000000000000000000e+00
-0.000000000000000000e+00
2.367735356092453003e-01
-0.000000000000000000e+00
-0.000000000000000000e+00
0.000000000000000000e+00
-0.000000000000000000e+00
-0.000000000000000000e+00
-0.000000000000000000e+00
0.000000000000000000e+00
0.000000000000000000e+00
-0.000000000000000000e+00
-0.000000000000000000e+00
-0.000000000000000000e+00
-0.000000000000000000e+00
-0.000000000000000000e+00
0.000000000000000000e+00
2.327223420143127441e-01
-1.374463587999343872e-01
0.000000000000000000e+00
-0.000000000000000000e+00
0.000000000000000000e+00
0.000000000000000000e+00
0.000000000000000000e+00
-5.603648424148559570e-01
-0.000000000000000000e+00
-1.226509883999824524e-01
0.000000000000000000e+00
0.000000000000000000e+00
-0.000000000000000000e+00
5.555311441421508789e-01
-1.711974889039993286e-01
0.000000000000000000e+00
-0.000000000000000000e+00
1.860968172550201416e-01
-5.883685946464538574e-01
0.000000000000000000e+00
-0.000000000000000000e+00
0.000000000000000000e+00
-0.000000000000000000e+00
-0.000000000000000000e+00
-0.000000000000000000e+00
0.000000000000000000e+00
0.000000000000000000e+00
0.000000000000000000e+00
0.000000000000000000e+00
0.000000000000000000e+00
4.379445910453796387e-01
2.614765167236328125e-01
-0.000000000000000000e+00
-0.000000000000000000e+00
-1.993332952260971069e-01
0.000000000000000000e+00
-0.000000000000000000e+00
4.963471591472625732e-01
-0.000000000000000000e+00
0.000000000000000000e+00
0.000000000000000000e+00
-0.000000000000000000e+00
-4.484733641147613525e-01
0.000000000000000000e+00
-0.000000000000000000e+00
-0.000000000000000000e+00
0.000000000000000000e+00
0.000000000000000000e+00
-0.000000000000000000e+00
2.429491579532623291e-01
0.000000000000000000e+00
0.000000000000000000e+00
0.000000000000000000e+00
0.000000000000000000e+00
-0.000000000000000000e+00
0.000000000000000000e+00
-0.000000000000000000e+00
-0.000000000000000000e+00
-0.000000000000000000e+00
0.000000000000000000e+00
2.448655962944030762e-01
-0.000000000000000000e+00
0.000000000000000000e+00
0.000000000000000000e+00
0.000000000000000000e+00
0.000000000000000000e+00
-3.207409083843231201e-01
2.555150985717773438e-01
-0.000000000000000000e+00
-0.000000000000000000e+00
0.000000000000000000e+00
-4.185356199741363525e-01
-0.000000000000000000e+00
-0.000000000000000000e+00
-0.000000000000000000e+00
-0.000000000000000000e+00
-0.000000000000000000e+00
3.200602531433105469e-01
-0.000000000000000000e+00
-0.000000000000000000e+00
0.000000000000000000e+00
0.000000000000000000e+00
-5.883685946464538574e-01
4.379445910453796387e-01
-3.207409083843231201e-01
2.555150985717773438e-01
5.555311441421508789e-01
-4.484733641147613525e-01
4.963471591472625732e-01
3.200602531433105469e-01
2.448655962944030762e-01
-5.603648424148559570e-01
-4.185356199741363525e-01
2.614765167236328125e-01
1.860968172550201416e-01
2.429491579532623291e-01
