0.000000000000000000e+00
-0.000000000000000000e+00
-3.312323987483978271e-01
0.000000000000000000e+00
-0.000000000000000000e+00
0.000000000000000000e+00
-2.024008333683013916e-01
-0.000000000000000000e+00
-0.000000000000000000e+00
-0.000000000000000000e+00
0.000000000000000000e+00
0.000000000000000000e+00
0.000000000000000000e+00
-0.000000000000000000e+00
-3.051702082157135010e-01
0.000000000000000000e+00
-0.000000000000000000e+00
-0.000000000000000000e+00
-0.000000000000000000e+00
-6.286766529083251953e-01
-0.000000000000000000e+00
0.000000000000000000e+00
-0.000000000000000000e+00
0.000000000000000000e+00
-0.000000000000000000e+00
0.000000000000000000e+00
0.000000000000000000e+00
-0.000000000000000000e+00
0.000000000000000000e+00
0.000000000000000000e+00
-1.993968337774276733e-01
-0.000000000000000000e+00
-0.000000000000000000e+00
0.000000000000000000e+00
2.329424768686294556e-01
-0.000000000000000000e+00
-0.000000000000000000e+00
0.000000000000000000e+00
2.262033522129058838e-01
-0.000000000000000000e+00
-0.000000000000000000e+00
-0.000000000000000000e+00
2.763122618198394775e-01
-0.000000000000000000e+00
-0.000000000000000000e+00
0.000000000000000000e+00
-0.000000000000000000e+00
0.000000000000000000e+00
-0.000000000000000000e+00
-0.000000000000000000e+00
-9.616610407829284668e-02
2.659912407398223877e-01
-0.000000000000000000e+00
0.000000000000000000e+00
-0.000000000000000000e+00
0.000000000000000000e+00
-0.000000000000000000e+00
-0.000000000000000000e+00
0.000000000000000000e+00
0.000000000000000000e+00
-1.313680876046419144e-02
0.000000000000000000e+00
0.000000000000000000e+00
-0.000000000000000000e+00
0.000000000000000000e+00
-0.000000000000000000e+00
0.000000000000000000e+00
0.000000000000000000e+00
-0.000000000000000000e+00
-0.000000000000000000e+00
-0.000000000000000000e+00
0.000000000000000000e+00
-0.000000000000000000e+00
7.358093261718750000e-01
-4.651344716548919678e-01
-0.000000000000000000e+00
0.000000000000000000e+00
-0.000000000000000000e+00
-5.306867361068725586e-01
-0.000000000000000000e+00
-0.000000000000000000e+00
-2.917357981204986572e-01
-0.000000000000000000e+00
0.000000000000000000e+00
0.000000000000000000e+00
0.000000000000000000e+00
-2.825293540954589844e-01
0.000000000000000000e+00
7.893086075782775879e-01
-2.056189179420471191e-01
-0.000000000000000000e+00
-0.000000000000000000e+00
0.000000000000000000e+00
0.000000000000000000e+00
-0.000000000000000000e+00
0.000000000000000000e+00
-2.578546106815338135e-01
-0.000000000000000000e+00
-0.000000000000000000e+00
-0.000000000000000000e+00
-3.051702082157135010e-01
-2.825293540954589844e-01
2.763122618198394775e-01
-6.286766529083251953e-01
-4.651344716548919678e-01
7.893086075782775879e-01
2.659912407398223877e-01
-3.312323987483978271e-01
-5.306867361068725586e-01
2.329424768686294556e-01
7.358093261718750000e-01
-2.056189179420471191e-01
-2.024008333683013916e-01
-2.917357981204986572e-01
