-0.000000000000000000e+00
-0.000000000000000000e+00
0.000000000000000000e+00
0.000000000000000000e+00
-0.000000000000000000e+00
0.000000000000000000e+00
-1.856298148632049561e-01
-0.000000000000000000e+00
-0.000000000000000000e+00
-0.000000000000000000e+00
0.000000000000000000e+00
0.000000000000000000e+00
0.000000000000000000e+00
-0.000000000000000000e+00
-3.921958506107330322e-01
0.000000000000000000e+00
-0.000000000000000000e+00
-0.000000000000000000e+00
-6.012476682662963867e-01
-6.741063594818115234e-01
-0.000000000000000000e+00
0.000000000000000000e+00
-0.000000000000000000e+00
0.000000000000000000e+00
-0.000000000000000000e+00
-0.000000000000000000e+00
-0.000000000000000000e+00
-0.000000000000000000e+00
0.000000000000000000e+00
0.000000000000000000e+00
-1.845901012420654297e-01
-0.000000000000000000e+00
-0.000000000000000000e+00
0.000000000000000000e+00
2.446354329586029053e-01
-0.000000000000000000e+00
-0.000000000000000000e+00
0.000000000000000000e+00
2.298042327165603638e-01
-0.000000000000000000e+00
0.000000000000000000e+00
-0.000000000000000000e+00
2.878898382186889648e-01
-0.000000000000000000e+00
-0.000000000000000000e+00
0.000000000000000000e+00
-0.000000000000000000e+00
0.000000000000000000e+00
-0.000000000000000000e+00
-0.000000000000000000e+00
-1.164175495505332947e-01
2.569992244243621826e-01
0.000000000000000000e+00
-0.000000000000000000e+00
0.000000000000000000e+00
0.000000000000000000e+00
-0.000000000000000000e+00
-0.000000000000000000e+00
0.000000000000000000e+00
0.000000000000000000e+00
-1.660749316215515137e-02
0.000000000000000000e+00
0.000000000000000000e+00
-0.000000000000000000e+00
-0.000000000000000000e+00
0.000000000000000000e+00
-0.000000000000000000e+00
0.000000000000000000e+00
-0.000000000000000000e+00
-0.000000000000000000e+00
-0.000000000000000000e+00
0.000000000000000000e+00
-0.000000000000000000e+00
-0.000000000000000000e+00
-4.583328962326049805e-01
0.000000000000000000e+00
0.000000000000000000e+00
-0.000000000000000000e+00
-5.146746635437011719e-01
-0.000000000000000000e+00
-0.000000000000000000e+00
-2.093205302953720093e-01
-0.000000000000000000e+00
-0.000000000000000000e+00
0.000000000000000000e+00
0.000000000000000000e+00
-3.073067963123321533e-01
0.000000000000000000e+00
1.078416943550109863e+00
-2.328711152076721191e-01
-0.000000000000000000e+00
-0.000000000000000000e+00
0.000000000000000000e+00
-0.000000000000000000e+00
-0.000000000000000000e+00
0.000000000000000000e+00
-2.429622411727905273e-01
-0.000000000000000000e+00
-0.000000000000000000e+00
-0.000000000000000000e+00
-3.073067963123321533e-01
-2.328711152076721191e-01
-1.856298148632049561e-01
-6.012476682662963867e-01
2.569992244243621826e-01
-2.093205302953720093e-01
0.000000000000000000e+00
2.878898382186889648e-01
2.446354329586029053e-01
-4.583328962326049805e-01
-6.741063594818115234e-01
-3.921958506107330322e-01
-5.146746635437011719e-01
1.078416943550109863e+00
