-0.000000000000000000e+00
3.340802490711212158e-01
0.000000000000000000e+00
0.000000000000000000e+00
-0.000000000000000000e+00
0.000000000000000000e+00
-0.000000000000000000e+00
0.000000000000000000e+00
-0.000000000000000000e+00
0.000000000000000000e+00
0.000000000000000000e+00
0.000000000000000000e+00
-0.000000000000000000e+00
0.000000000000000000e+00
-0.000000000000000000e+00
-0.000000000000000000e+00
0.000000000000000000e+00
-0.000000000000000000e+00
-0.000000000000000000e+00
-0.000000000000000000e+00
0.000000000000000000e+00
2.077360004186630249e-01
2.790387868881225586e-01
-0.000000000000000000e+00
0.000000000000000000e+00
0.000000000000000000e+00
-0.000000000000000000e+00
-0.000000000000000000e+00
-0.000000000000000000e+00
0.000000000000000000e+00
0.000000000000000000e+00
2.095353007316589355e-01
-0.000000000000000000e+00
0.000000000000000000e+00
-0.000000000000000000e+00
0.000000000000000000e+00
0.000000000000000000e+00
0.000000000000000000e+00
-0.000000000000000000e+00
-2.058600783348083496e-01
-0.000000000000000000e+00
-8.355156183242797852e-01
0.000000000000000000e+00
-0.000000000000000000e+00
0.000000000000000000e+00
0.000000000000000000e+00
0.000000000000000000e+00
0.000000000000000000e+00
-2.608981728553771973e-01
2.138713002204895020e-01
0.000000000000000000e+00
0.000000000000000000e+00
0.000000000000000000e+00
1.980855762958526611e-01
-0.000000000000000000e+00
0.000000000000000000e+00
-0.000000000000000000e+00
-0.000000000000000000e+00
0.000000000000000000e+00
0.000000000000000000e+00
2.118677645921707153e-01
0.000000000000000000e+00
0.000000000000000000e+00
0.000000000000000000e+00
0.000000000000000000e+00
-0.000000000000000000e+00
-0.000000000000000000e+00
-3.877940177917480469e-01
-0.000000000000000000e+00
5.878967642784118652e-01
-0.000000000000000000e+00
1.322726607322692871e-01
0.000000000000000000e+00
-0.000000000000000000e+00
4.683690965175628662e-01
0.000000000000000000e+00
-0.000000000000000000e+00
4.799588620662689209e-01
-0.000000000000000000e+00
0.000000000000000000e+00
0.000000000000000000e+00
4.810280799865722656e-01
-0.000000000000000000e+00
-0.000000000000000000e+00
0.000000000000000000e+00
0.000000000000000000e+00
-2.260587811470031738e-01
-0.000000000000000000e+00
0.000000000000000000e+00
0.000000000000000000e+00
2.918578386306762695e-01
-0.000000000000000000e+00
0.000000000000000000e+00
-2.624647915363311768e-01
0.000000000000000000e+00
-0.000000000000000000e+00
0.000000000000000000e+00
-0.000000000000000000e+00
-0.000000000000000000e+00
-2.185532599687576294e-01
3.340802490711212158e-01
4.683690965175628662e-01
2.918578386306762695e-01
1.322726607322692871e-01
1.980855762958526611e-01
2.790387868881225586e-01
5.878967642784118652e-01
2.095353007316589355e-01
-2.608981728553771973e-01
-8.355156183242797852e-01
4.799588620662689209e-01
2.138713002204895020e-01
2.118677645921707153e-01
2.077360004186630249e-01
-2.058600783348083496e-01
-3.877940177917480469e-01
4.810280799865722656e-01
